1950,24
1974,48
1983,43
1995,39
1939,6
1931,58
1947,48
1936,36
1969,59
1902,16
1987,9
1913,52
1982,10
1915,52
1927,28
1971,30
1971,26
1981,21
1955,53
1942,48
1910,57
1932,34
1973,53
1994,17
1990,10
1990,9
1993,37
1930,51
1905,55
1970,20
1966,15
1976,60
1931,16
1911,13
1938,23
1918,45
1934,12
1951,31
1924,52
1994,56
1926,57
1915,34
1982,11
1956,8
1959,44
1995,52
1942,35
1991,17
1934,34
1954,49
1936,18
1981,5
1967,13
1900,46
1934,39
1995,18
1938,44
1918,27
1992,7
1967,7
1912,51
1928,28
1916,56
1917,57
1940,39
1989,27
1965,10
1900,43
1998,5
1961,30
1959,5
1909,58
1967,56
1918,12
1974,53
1914,24
1971,36
1936,52
1961,27
1920,15
1964,50
1925,18
1949,22
1950,6
1918,23
1933,16
1907,20
1935,32
1931,56
1969,38
1965,58
1922,27
1945,23
1902,27
1950,49
1923,39
1931,5
1973,24
1981,12
1905,11
1921,44
1911,6
1934,41
1945,25
1915,53
1947,59
1982,11
1993,15
1903,30
1955,6
1988,56
1974,54
1927,6
1962,27
1989,49
1961,9
1983,38
1936,41
1973,10
1980,15
1990,34
1923,44
1939,12
1900,12
1974,9
1979,16
1930,37
1957,45
1902,37
1966,18
1974,19
1923,45
1972,28
1977,11
1981,6
1911,20
1919,42
1927,38
1948,31
1924,47
1921,52
1900,50
1996,55
1914,24
1992,30
1997,52
1954,42
1925,29
1985,36
1990,19
1938,39
1939,39
1995,26
1947,35
1956,20
1946,12
1997,35
1969,26
1966,22
1932,34
1942,5
1919,33
1919,33
1921,39
1941,47
1969,9
1991,27
1967,43
1919,56
1901,54
1983,17
1907,29
1956,47
1941,58
1938,20
1902,42
1973,56
1957,39
1998,58
1964,47
1999,8
1931,59
1931,43
1948,10
1968,21
1944,55
1922,22
1970,27
1997,40
1944,48
1936,55
1976,9
1905,54
1971,47
1978,29
1996,47
1926,8
1981,41
1928,35
1954,28
1961,7
1907,11
1908,16
1948,39
1933,50
1981,42
1947,21
1969,59
1962,20
1949,32
1945,25
1916,41
1933,39
1902,29
1984,21
1923,50
1986,43
1994,12
1965,22
1916,58
1927,18
1957,32
1935,50
1914,48
1938,45
1910,23
1956,39
1958,8
1939,26
1961,52
1939,37
1966,9
1915,16
1925,15
1948,42
1983,39
1901,45
1934,28
1927,27
1904,48
1947,54
1991,36
1976,44
1949,27
1946,17
1973,31
1954,29
1948,59
1945,16
1994,37
1923,13
1968,52
1930,28
1974,42
1913,9
1979,21
1983,60
1954,50
1955,14
1969,40
1950,42
1981,34
1996,41
1943,27
1938,51
1958,36
1946,49
1950,50
1986,8
1990,40
1904,19
1956,27
1930,46
1979,38
1914,8
1940,26
1936,25
1930,47
1995,6
1906,9
1929,47
1997,42
1954,53
1915,34
1934,16
1900,50
1900,32
1978,60
1926,59
1930,34
1923,30
1917,30
1922,53
1981,35
1952,12
1943,36
1916,37
1937,54
1982,47
1931,53
1901,58
1959,9
1987,37
1957,27
1903,23
1996,53
1961,32
1961,46
1926,29
1931,6
1972,31
1932,11
1902,14
1900,34
1983,41
1921,30
1934,17
1966,25
1901,6
1931,56
1932,37
1926,33
1932,23
1909,7
1963,24
1919,36
1921,40
1916,43
1955,27
1990,29
1933,24
1924,35
1950,22
1967,10
1918,41
1906,17
1938,42
1924,26
1919,20
1988,11
1977,47
1969,8
1995,44
1954,15
1998,37
1906,7
1956,53
1921,16
1999,16
1935,56
1906,33
1933,14
1904,43
1988,54
1977,9
1971,18
1963,9
1901,53
1995,51
1941,27
1989,20
1997,55
1917,47
1945,24
1966,60
1960,12
1993,29
1904,29
1952,41
1920,40
1987,59
1907,14
1946,19
1929,36
1941,23
1921,14
1957,13
1905,40
1906,16
1993,24
1919,59
1906,55
1944,33
1996,38
1994,9
1998,35
1916,52
1905,58
1900,48
1975,55
1956,25
1951,54
1902,59
1964,8
1938,15
1924,29
1928,19
1992,54
1980,6
1994,43
1979,42
1931,20
1975,22
1988,48
1944,25
1994,59
1947,16
1904,60
1908,8
1927,13
1949,33
1990,5
1938,22
1952,45
1974,48
1940,56
1916,42
1907,30
1938,9
1982,6
1990,16
1975,9
1908,8
1910,23
1908,53
1994,34
1965,12
1938,17
1912,44
1929,57
1919,20
1905,53
1917,14
1917,47
1974,54
1931,23
1940,11
1991,37
1984,39
1990,42
1986,60
1992,38
1939,45
1993,39
1918,22
1979,58
1917,27
1994,22
1996,8
1904,50
1945,6
1951,56
1990,21
1958,54
1964,25
1927,44
1988,45
1940,7
1915,31
1933,18
1982,19
1969,58
1986,42
1961,7
1984,5
1953,37
1928,47
1935,58
1943,24
1947,60
1996,53
1955,19
1986,43
1986,18
1977,20
1934,56
1933,43
1955,31
1921,39
1952,10
1980,11
1960,34
1911,41
1908,38
1967,7
1925,60
1938,50
1980,40
1968,16
1920,43
1986,38
1939,43
1932,60
1957,59
1940,42
1940,43
1907,35
1902,18
1982,5
1992,46
1911,10
1912,32
1990,12
1950,12
1927,9
1912,39
1928,22
1996,18
1971,59
1956,59
1954,30
1991,27
1913,19
1941,47
1952,30
1923,57
1960,31
1968,38
1961,37
1900,47
1985,18
1908,39
1915,30
1991,47
1947,42
1931,38
1909,50
1963,46
1955,12
1902,54
1928,60
1925,33
1966,32
1927,6
1994,51
1979,25
1995,46
1927,22
1927,26
1936,54
1943,58
1941,58
1920,51
1949,13
1917,18
1972,47
1983,23
1974,17
1992,14
1960,11
1915,53
1948,31
1932,54
1970,26
1992,49
1965,32
1943,21
1901,14
1947,21
1978,35
1975,6
1919,37
1940,28
1927,17
1999,18
1961,23
1963,59
1970,51
1926,27
1938,58
1990,30
1913,44
1998,15
1976,53
1945,36
1963,38
1996,34
1983,32
1944,20
1962,26
1973,33
1972,11
1918,57
1930,47
1938,7
1911,8
1902,9
1977,51
1938,5
1938,51
1930,43
1936,30
1939,7
1931,30
1977,5
1961,17
1978,21
1990,30
1907,45
1971,54
1925,29
1993,21
1993,58
1985,12
1982,13
1967,47
1936,57
1929,39
1971,38
1952,31
1990,51
1901,20
1945,53
1947,5
1989,58
1908,30
1923,45
1933,58
1922,41
1970,10
1918,30
1983,42
1979,50
1921,19
1921,15
1910,52
1914,38
1954,11
1969,19
1976,35
1921,56
1938,46
1942,54
1937,45
1920,8
1980,50
1984,37
1913,28
1940,28
1956,32
1919,58
1913,14
1978,24
1938,9
1950,49
1920,40
1942,43
1943,51
1975,52
1972,17
1984,41
1971,22
1968,44
1904,52
1924,19
1949,14
1916,26
1925,24
1945,56
1956,20
1982,10
1975,45
1964,54
1927,59
1981,30
1902,36
1913,56
1966,29
1954,18
1952,59
1963,60
1914,31
1991,8
1970,18
1975,51
1931,32
1994,57
1905,22
1971,9
1913,21
1936,55
1994,41
1941,38
1991,35
1932,39
1964,56
1929,32
1931,22
1996,41
1919,43
1967,7
1936,60
1919,39
1912,25
1976,10
1946,53
1974,32
1916,38
1901,10
1943,28
1970,19
1970,32
1921,26
1986,12
1929,59
1969,27
1995,18
1939,56
1971,34
1982,55
1956,24
1901,35
1974,6
1999,20
1944,40
1910,40
1984,41
1919,13
1920,16
1936,59
1962,41
1979,20
1961,43
1936,6
1917,56
1911,6
1985,54
1903,30
1986,49
1944,25
1951,9
1923,31
1969,49
1969,5
1992,9
1930,52
1943,14
1985,11
1996,21
1972,37
1990,39
1959,18
1930,9
1937,22
1961,43
1923,60
1951,12
1901,41
1922,40
1929,37
1937,47
1955,38
1906,36
1978,35
1947,55
1987,11
1973,60
1911,10
1972,47
1907,41
1905,15
1976,28
1941,29
1925,32
1952,48
1911,46
1992,14
1922,23
1927,20
1986,25
1981,45
1976,56
1941,60
1915,6
1955,47
1964,56
1939,51
1975,36
1938,17
1901,35
1934,27
1923,43
1969,35
1949,9
1935,48
1960,35
1982,48
1963,20
1918,56
1974,30
1971,55
1960,35
1925,34
1948,13
1912,26
1903,46
1918,13
1903,39
1948,48
1994,28
1992,14
1978,9
1944,41
1978,14
1933,7
1981,26
1942,29
1940,48
1902,54
1999,53
1951,23
1967,19
1951,40
1973,31
1955,22
1931,16
1918,9
1952,50
1987,53
1998,7
1911,17
1954,23
1963,46
1970,9
1989,49
1973,10
1927,42
1982,16
1984,7
1938,22
1934,43
1993,15
1998,32
1944,10
1971,32
1911,40
1953,45
1979,48
1997,8
1940,30
1935,7
1926,44
1908,46
1955,18
1926,55
1945,23
1977,20
1918,29
1908,30
1939,52
1997,41
1972,39
1939,23
1983,41
1995,22
1928,6
1911,31
1978,12
1968,55
1929,56
1966,60
1989,45
1915,43
1987,5
1954,60
1921,41
1995,53
1942,24
1998,56
1911,7
1989,56
1944,53
1920,60
1920,21
1963,19
1924,7
1948,10
1987,21
1971,41
1977,55
1977,30
1967,12
1943,16
1909,32
1945,11
1949,37
1988,34
1976,6
1949,10
1959,49
1965,40
1974,21
1921,55
1924,11
1948,53
1977,40
1996,25
1913,25
1986,53
1916,32
1963,55
1988,39
1912,28
1900,40
1935,17
1963,32
1969,53
1974,27
1974,36
1959,30
1966,42
1966,32
1964,19
1991,60
1923,29
1992,47
1936,12
1909,41
1977,41
1977,23
1952,17
1982,10
1985,42
1915,48
1940,29
1991,45
1943,46
1905,39
1911,12
1930,46
1927,16
1983,32
1938,57
1940,54
1935,15
1942,24
1955,49
1955,8
1919,32
1910,31
1902,44
1944,43
1932,23
1901,56
1902,50
1951,10
1929,41
1967,19
1909,43
1946,26
1904,17
1978,26
1993,53
1921,29
1900,19
1996,18
1972,36
1938,38
1938,20
1978,37
1975,10
1972,18
1944,10
1933,36
1998,27
1990,37
1979,19
1961,33
1956,39
1914,52
1985,57
1998,14
1915,36
1923,22
1917,9
1983,5
1978,51
1940,51
1964,41
1939,15
1944,59
1982,52
1968,15
1976,5
1926,48
1930,17
1954,52
1985,12
1927,31
1965,25
1953,52
1978,42
1926,45
1931,38
1955,40
1954,53
1932,11
1977,28
1948,47
1940,37
1925,5
1931,24
1957,8
1950,12
1943,49
1911,8
1921,18
1925,49
1966,6
1993,53
1978,60
1988,32
1950,48
1942,54
1944,6
1949,45
1992,24
1932,18
1977,25
1914,45
1909,40
1971,20
1980,8
1901,15
1987,24
1937,6
1963,60
1949,20
1925,19
1939,35
1997,30
1990,11
1960,18
1900,8
1992,39
1953,7
1908,27
1902,9
1915,21
1977,19
1905,42
1938,10
1964,60
1924,15
1901,20
1972,45
1981,37
1945,19
1980,45
1940,27
1953,22
1977,50
1913,7
1901,45
1900,14
1943,5
1928,25
1994,50
1935,44
1966,38
1997,44
1943,31
1964,43
1981,27
1948,28
1957,49
1957,51
1921,14
1988,38
1980,23
1932,16
1952,18
1919,45
1992,11
1964,54
1927,43
1925,58
1993,42
1928,49
1990,43
1954,42
1992,25
1973,57
1988,9
1974,9
1954,35
1924,60
1977,39
1966,25
1944,38
1926,24
1947,60
1911,12
1968,31
1945,21
1948,35
1907,56
1982,55
1917,25
1972,27
1928,43
1984,53
1951,44
1917,44
1914,16
1987,13
1999,18
1906,51
1962,55
1901,36
1996,34
1940,55
1948,45
1967,54
1917,45
1911,31
1976,30
1989,49
1907,12
1955,7
1936,42
1982,13
1941,37
1922,23
1950,42
1997,41
1990,28
1938,8
1900,28
1927,47
1980,36
1933,52
1935,50
1914,27
1993,49
1994,13
1950,6
1944,35
1905,37
1990,11
1922,41
1952,47
1969,32
1957,9
1961,51
1957,6
1956,42
1954,45
1959,37
1910,50
1980,54
1956,16
1967,57
1916,13
1949,40
1962,55
1947,29
1947,20
1952,40
1967,38
1988,26
1926,43
1939,45
1949,50
1905,52
1970,24
1926,36
1937,41
1933,53
1974,40
1949,40
1959,32
1987,18
1976,24
1954,5
1946,5
1999,33
1923,59
1902,13
1953,18
1910,10
1913,17
1977,17
1968,49
1974,46
1979,24
1901,21
1930,31
1919,57
1929,56
1904,44
1991,35
1969,8
1990,20
1991,43
1950,58
1910,25
1957,49
1951,58
1976,45
1983,29
1907,19
1915,34
1909,13
1990,18
1944,59
1933,12
1971,10
1979,5
1954,22
1915,55
1941,44
1955,17
1934,46
1997,56
1924,16
1938,37
1931,46
1957,25
1995,32
1946,54
1986,48
1957,20
1986,41
1984,11
1925,6
1907,41
1915,30
1921,51
1960,53
1923,24
1989,7
1953,12
1995,12
1987,36
1978,30
1959,60
1914,33
1902,40
1981,53
1978,27
1956,50
1967,27
1984,41
1949,6
1987,46
1936,37
1957,47
1984,54
1941,15
1957,23
1926,52
1972,31
1963,46
1901,46
1982,18
1987,51
1983,15
1931,17
1963,43
1964,45
1970,34
1933,41
1917,20
1972,28
1990,57
1998,25
1921,29
1931,27
1924,9
1968,57
1978,28
1923,11
1950,39
1967,37
1964,32
1908,52
1939,7
1980,7
1924,26
1982,26
1999,28
1945,51
1959,40
1967,57
1971,25
1969,58
1977,60
1904,18
1919,45
1941,7
1989,14
1932,42
1920,54
1970,18
1973,17
1946,33
1929,54
1962,39
1998,58
1957,17
1947,11
1906,21
1990,35
1955,24
1906,38
1966,43
1930,28
1943,22
1996,51
1958,28
1980,40
1973,32
1931,36
1920,15
1921,19
1919,6
1900,40
1914,11
1974,19
1904,47
1984,52
1950,37
1905,17
1970,48
1924,36
1919,12
1949,37
1908,16
1937,23
1967,41
1990,53
1969,30
1917,8
1972,33
1988,17
1923,44
1988,48
1935,16
1946,37
1980,10
1946,24
1962,26
1945,38
1985,43
1923,13
1921,19
1919,44
1991,22
1907,49
1929,24
1931,25
1916,18
1968,17
1907,40
1904,55
1941,29
1938,54
1972,22
1959,13
1971,46
1978,18
1905,22
1996,6
1946,10
1954,45
1997,13
1995,8
1971,43
1907,44
1905,16
1907,18
1970,51
1984,48
1925,56
1994,31
1962,9
1919,24
1984,37
1911,58
1944,22
1932,42
1965,30
1928,27
1976,32
1982,46
1969,27
1983,49
1938,15
1959,49
1951,13
1965,58
1909,44
1979,21
1999,34
1975,13
1911,28
1988,35
1906,50
1925,41
1969,34
1910,6
1971,55
1965,8
1993,53
1914,33
1948,56
1920,11
1953,11
1945,11
1983,24
1925,7
1923,51
1944,49
1914,10
1910,26
1987,34
1970,10
1979,51
1940,52
1915,17
1954,31
1951,6
1900,27
1955,28
1953,9
1980,46
1995,30
1916,8
1924,50
1984,27
1995,50
1995,54
1911,28
1920,35
1953,6
1913,36
1985,52
1922,31
1994,36
1942,56
1929,5
1951,8
1936,30
1934,56
1945,22
1982,48
1911,49
1901,22
1906,33
1901,54
1929,14
1951,23
1916,46
1935,14
1966,51
1900,11
1953,15
1997,43
1992,32
1963,48
1905,21
1942,57
1988,11
1928,26
1984,54
1909,51
1995,31
1945,28
1988,12
1996,43
1903,10
1928,12
1929,42
1929,53
1949,32
1934,31
1922,16
1932,22
1919,50
1919,38
1961,50
1912,35
1924,18
1996,30
1944,53
1912,11
1953,59
1983,27
1933,55
1971,9
1925,33
1918,29
1941,19
1932,30
1977,8
1974,10
1974,34
1958,20
1974,55
1910,16
1905,24
1910,50
1909,14
1909,45
1990,12
1919,41
1985,38
1914,23
1923,55
1938,37
1982,44
1953,9
1966,15
1966,12
1992,46
1944,27
1915,24
1978,52
1993,39
1943,36
1935,32
1999,56
1978,46
1918,53
1992,33
1910,35
1959,15
1951,14
1969,39
1994,23
1926,43
1958,57
1985,26
1975,16
1905,10
1953,11
1912,46
1917,60
1914,14
1976,28
1968,58
1954,30
1912,52
1932,14
1946,16
1922,7
1928,31
1910,54
1953,52
1986,24
1943,25
1963,11
1939,21
1914,20
1956,18
1904,35
1962,36
1914,40
1971,11
1972,11
1974,57
1997,19
1971,52
1961,53
1958,27
1948,49
1926,48
1959,6
1963,27
1929,21
1978,22
1997,31
1972,54
1980,30
1974,45
1936,8
1986,33
1950,33
1932,25
1919,28
1987,47
1985,26
1943,54
1932,21
1912,6
1998,53
1984,38
1970,21
1915,40
1987,14
1923,48
1975,50
1932,57
1969,24
1933,36
1964,44
1905,26
1901,13
1946,12
1962,35
1928,59
1919,26
1914,48
1980,47
1908,59
1910,41
1921,60
1946,56
1964,15
1910,42
1973,29
1916,11
1937,39
1955,29
1903,25
1948,49
1929,12
1940,5
1960,36
1900,32
1997,21
1929,39
1952,60
1948,38
1931,52
1922,16
1911,51
1916,7
1911,14
1950,56
1996,43
1920,47
1945,15
1917,40
1988,49
1976,29
1930,28
1940,46
1994,26
1922,48
1924,49
1991,20
1923,21
1988,10
1937,56
1999,21
1978,42
1962,28
1970,35
1911,47
1992,13
1913,25
1960,48
1912,56
1983,56
1916,48
1972,16
1974,51
1939,20
1976,55
1939,24
1971,23
1944,8
1935,8
1987,7
1998,13
1952,32
1929,13
1961,29
1932,14
1986,36
1937,9
1987,25
1905,48
1947,32
1939,33
1900,13
1943,24
1916,33
1951,17
1934,37
1940,32
1951,15
1968,17
1954,36
1930,38
1966,18
1941,56
1937,29
1945,60
1918,21
1924,20
1914,27
1961,9
1919,31
1905,52
1966,12
1903,56
1941,37
1971,20
1982,50
1909,38
1932,13
1970,18
1985,49
1915,59
1909,45
1961,54
1912,15
1968,43
1985,54
1903,59
1971,25
1945,57
1900,49
1904,51
1903,5
1945,17
1903,32
1954,28
1926,28
1908,26
1989,55
1949,32
1907,46
1995,13
1917,49
1974,55
1907,51
1976,32
1981,59
1957,7
1983,52
1977,22
1926,49
1987,14
1966,11
1920,51
1945,25
1982,47
1985,18
1946,22
1963,48
1951,22
1993,14
1932,37
1906,23
1909,59
1999,13
1951,13
1940,47
1980,21
1992,10
1940,18
1944,36
1923,9
1943,6
1933,10
1918,44
1936,52
1950,29
1923,6
1933,50
1914,47
1940,56
1962,57
1968,20
1967,6
1979,56
1964,49
1986,47
1917,20
1989,58
1970,8
1985,31
1931,30
1946,54
1982,22
1961,7
1918,17
1957,53
1955,48
1959,12
1911,50
1909,7
1910,58
1963,40
1964,18
1936,50
1994,23
1962,11
1955,44
1990,50
1991,54
1997,13
1912,22
1900,15
1985,36
1951,48
1956,32
1970,21
1988,11
1928,10
1966,35
1952,28
1999,49
1973,59
1939,10
1907,9
1941,23
1945,55
1934,29
1944,31
1980,55
1995,23
1900,10
1906,26
1972,40
1979,42
1914,41
1979,20
1982,8
1976,51
1911,55
1997,19
1982,17
1953,21
1927,20
1986,56
1998,51
1965,23
1907,38
1937,37
1949,41
1931,52
1978,41
1910,36
1961,11
1915,15
1953,8
1965,6
1954,54
1949,51
1948,56
1901,25
1949,8
1927,60
1905,57
1935,59
1975,33
1955,21
1908,17
1989,31
1922,39
1921,38
1934,22
1907,16
1956,60
1962,10
1961,16
1992,15
1903,5
1947,51
1968,44
1941,43
1945,9
1982,14
1909,44
1981,29
1910,54
1984,22
1918,17
1935,34
1974,45
1926,13
1905,39
1912,45
1909,25
1956,45
1947,46
1961,5
1916,42
1978,38
1942,20
1938,39
1923,6
1958,24
1962,8
1979,49
1934,18
1928,26
1912,11
1993,16
1949,50
1900,39
1901,15
1906,54
1980,21
1985,56
1947,54
1915,46
1905,51
1924,28
1923,35
1932,34
1978,21
1937,21
1943,29
1958,49
1913,25
1952,34
1950,26
1956,23
1917,53
1976,36
1952,6
1986,50
1945,41
1938,39
1962,6
1917,21
1961,33
1912,54
1911,33
1929,19
1936,42
1930,8
1906,40
1958,23
1934,53
1968,24
1954,60
1996,31
1904,59
1942,7
1901,17
1933,19
1979,40
1958,33
1981,9
1961,40
1962,56
1945,56
1941,46
1965,50
1961,50
1914,16
1960,59
1916,19
1901,13
1913,44
1936,25
1917,60
1966,16
1958,16
1906,41
1980,19
1976,48
1981,7
1903,25
1993,10
1934,39
1970,49
1971,19
1973,60
1963,50
1987,28
1934,52
1962,42
1987,39
1920,54
1900,48
1963,22
1961,43
1953,12
1998,24
1903,54
1902,54
1976,34
1969,50
1904,55
1944,60
1931,44
1923,40
1926,44
1904,25
1989,20
1986,37
1968,53
1999,48
1999,9
1905,36
1912,28
1976,55
1919,51
1968,60
1991,47
1957,17
1931,56
1930,28
1939,58
1916,50
1973,30
1960,23
1921,6
1946,53
1989,39
1922,12
1929,50
1998,53
1941,29
1937,18
1972,19
1936,50
1962,19
1971,35
1912,22
1980,57
1958,35
1981,35
1987,26
1969,45
1999,6
1961,47
1901,20
1991,30
1966,38
1910,34
1978,10
1932,21
1907,26
1903,34
1974,13
1936,24
1914,24
1940,18
1947,37
1946,37
1931,40
1950,15
1974,30
1945,51
1954,5
1913,23
1986,13
1936,13
1965,9
1977,25
1912,23
1900,9
1996,60
1966,59
1936,24
1944,8
1933,49
1914,14
1995,43
1956,55
1947,37
1920,9
1915,48
1997,18
1908,28
1939,25
1993,20
1911,59
1954,33
1976,30
1985,6
1936,48
1955,9
1953,11
1965,19
1918,52
1960,33
1955,24
1960,13
1968,48
1965,12
1999,5
1977,56
1993,9
1904,34
1912,5
1997,23
1950,23
1915,12
1951,14
1912,11
1959,48
1978,48
1914,8
1958,19
1959,11
1974,30
1948,43
1910,28
1968,36
1964,8
1937,53
1935,49
1910,44
1919,16
1970,26
1984,11
1913,33
1962,57
1914,48
1904,42
1933,56
1901,57
1967,18
1900,22
1932,27
1907,52
1966,51
1906,57
1923,23
1942,46
1988,14
1913,56
1901,10
1905,19
1926,36
1992,53
1982,15
1950,51
1912,44
1941,56
1932,58
1936,21
1951,49
1933,35
1984,13
1904,51
1977,9
1934,7
1927,59
1927,34
1929,25
1956,17
1992,44
1996,55
1900,10
1912,46
1918,33
1966,33
1985,28
1999,34
1948,32
1959,47
1967,29
1918,32
1996,60
1987,30
1978,23
1940,44
1974,48
1913,51
1963,21
1937,18
1928,44
1938,39
1993,6
1922,16
1966,45
1904,54
1956,31
1951,6
1956,7
1951,20
1975,20
1915,39
1972,51
1914,21
1994,15
1964,56
1977,17
1908,51
1999,60
1965,52
1934,11
1931,38
1909,32
1969,43
1924,19
1954,7
1991,33
1915,33
1940,32
1905,57
1914,45
1915,57
1933,48
1959,50
1927,41
1939,39
1966,29
1989,15
1936,36
1961,25
1901,56
1968,41
1993,29
1978,23
1965,12
1907,42
1964,32
1995,46
1995,11
1974,36
1907,16
1969,46
1908,50
1934,50
1974,40
1938,48
1913,28
1986,11
1984,25
1997,21
1936,15
1910,43
1962,16
1937,18
1957,6
1988,15
1932,38
1911,41
1983,22
1961,45
1946,5
1972,20
1925,13
1981,13
1974,37
1969,9
1934,51
1929,7
1907,51
1980,10
1967,6
1943,45
1969,14
1990,30
1934,53
1942,59
1978,32
1924,35
1901,53
1982,28
1944,5
1972,31
1950,27
1960,48
1910,35
1976,47
1972,55
1997,53
1918,19
1925,8
1928,55
1992,40
1961,60
1952,60
1935,58
1965,45
1997,25
1974,36
1911,39
1964,57
1903,17
1900,25
1922,17
1915,22
1929,53
1948,9
1942,16
1964,16
1906,30
1959,48
1968,17
1997,24
1921,11
1906,46
1940,24
1940,60
1954,37
1979,18
1906,52
1945,21
1992,6
1964,27
1979,33
1931,48
1958,53
1964,14
1904,15
1900,54
1908,36
1960,11
1922,35
1968,33
1909,10
1900,43
1911,46
1931,38
1904,31
1941,19
1912,30
1989,5
1934,56
1975,52
1940,8
1903,6
1991,38
1946,39
1971,56
1998,48
1946,26
1907,20
1976,45
1989,55
1996,28
1954,59
1962,19
1905,53
1959,10
1925,41
1938,12
1999,36
1992,12
1916,45
1912,23
1907,39
1961,36
1915,12
1978,9
1981,42
1959,7
1913,5
1908,11
1997,42
1922,19
1954,41
1963,15
1947,13
1970,8
1961,33
1914,56
1978,42
1940,57
1994,7
1945,47
1945,38
1999,19
1984,16
1960,18
1924,52
1944,25
1995,32
1964,49
1991,31
1929,33
1960,53
1986,25
1921,47
1944,23
1919,48
1909,46
1926,46
1957,49
1926,28
1923,57
1913,55
1904,46
1993,24
1955,7
1917,35
1919,17
1905,21
1928,44
1977,55
1910,6
1932,54
1909,33
1948,58
1959,29
1962,8
1973,60
1905,15
1950,6
1994,7
1906,13
1969,21
1903,54
1915,21
1921,58
1990,23
1996,48
1921,40
1916,33
1948,27
1916,38
1928,43
1939,31
1935,35
1973,37
1901,24
1926,28
1994,59
1919,9
1902,16
1984,24
1947,58
1967,16
1968,21
1942,22
1977,26
1946,20
1911,21
1926,58
1945,13
1902,49
1977,35
1977,10
1942,57
1977,36
1982,49
1958,12
1924,43
1948,52
1933,40
1954,28
1989,30
1984,60
1975,41
1907,57
1976,29
1911,21
1903,42
1948,60
1953,7
1907,17
1939,51
1901,23
1933,54
1938,29
1996,10
1962,41
1975,29
1993,46
1977,15
1930,54
1998,21
1988,49
1933,56
1960,15
1983,15
1932,11
1927,33
1945,50
1981,25
1912,8
1968,51
1989,32
1935,31
1930,51
1980,57
1994,28
1933,51
1971,53
1947,16
1925,23
1971,20
1979,21
1947,55
1930,57
1934,30
1903,12
1956,20
1932,18
1985,26
1974,5
1960,28
1949,60
1985,21
1915,43
1981,17
1972,28
1952,56
1999,53
1959,16
1987,54
1930,50
1941,20
1929,46
1939,26
1961,30
1992,13
1987,48
1901,57
1988,9
1959,20
1965,7
1983,56
1919,9
1907,32
1937,45
1970,18
1946,48
1937,52
1980,7
1967,47
1913,50
1996,20
1975,26
1959,50
1955,60
1967,5
1993,26
1926,31
1972,59
1929,14
1954,20
1960,40
1928,7
1958,28
1996,31
1953,49
1923,11
1947,31
1979,43
1957,33
1948,36
1943,16
1981,37
1981,42
1987,20
1922,14
1999,13
1946,46
1991,18
1969,47
1967,41
1936,52
1994,35
1998,51
1919,22
1972,7
1978,42
1992,59
1937,51
1958,46
1902,43
1915,38
1992,22
1921,46
1911,18
1984,46
1948,56
1997,16
1971,44
1963,44
1932,30
1920,11
1941,31
1912,54
1991,10
1975,20
1907,44
1932,12
1984,20
1915,50
1955,51
1943,24
1939,27
1985,14
1918,55
1968,42
1987,55
1935,20
1987,7
1924,32
1968,6
1970,21
1981,44
1911,12
1981,60
1994,33
1958,11
1950,18
1988,41
1983,9
1925,33
1915,16
1987,57
1983,17
1929,56
1938,60
1989,19
1961,5
1933,6
1931,16
1960,20
1934,36
1967,59
1944,48
1912,25
1989,13
1985,43
1932,51
1917,55
1960,15
1900,33
1979,36
1903,56
1965,54
1966,56
1917,53
1913,49
1989,37
1931,16
1918,12
1965,60
1983,50
1949,26
1981,27
1956,35
1967,15
1912,11
1997,46
1966,59
1942,36
1962,36
1936,38
1970,27
1948,25
1903,60
1929,45
1962,33
1963,46
1989,44
1978,53
1955,45
1940,23
1933,52
1985,54
1964,60
1968,40
1947,43
1961,10
1965,20
1975,37
1976,13
1974,9
1957,42
1953,49
1931,47
1905,47
1944,14
1998,17
1967,51
1937,5
1950,33
1944,44
1937,18
1915,52
1930,22
1967,15
1919,35
1992,55
1935,56
1998,35
1900,12
1980,14
1911,33
1911,13
1966,24
1960,28
1944,12
1952,53
1985,8
1974,13
1933,38
1980,23
1927,34
1925,58
1945,57
1930,9
1922,19
1941,58
1912,41
1937,45
1991,13
1985,30
1986,44
1913,46
1950,5
1927,33
1954,23
1976,25
1978,25
1980,37
1931,8
1990,48
1907,55
1920,41
1904,12
1999,18
1909,9
1928,12
1944,21
1908,26
1962,51
1919,49
1929,41
1922,42
1992,54
1954,15
1964,51
1939,8
1997,35
1917,38
1944,19
1920,12
1941,40
1938,13
1913,43
1911,12
1922,16
1993,6
1928,25
1902,20
1975,34
1981,54
1943,17
1938,22
1951,10
1918,28
1912,15
1982,6
1921,23
1903,36
1954,46
1908,43
1999,59
1908,31
1900,38
1903,56
1951,27
1917,34
1927,5
1910,52
1930,35
1910,29
1992,12
1961,6
1909,38
1955,22
1958,37
1963,21
1910,58
1900,54
1928,15
1972,31
1937,14
1939,8
1954,42
1964,45
1992,46
1985,55
1912,25
1959,14
1953,44
1981,48
1978,54
1935,53
1963,28
1955,51
1925,27
1952,32
1955,24
1916,44
1997,11
1973,25
1968,24
1964,22
1994,36
1947,47
1964,38
1939,50
1963,6
1909,22
1918,11
1953,38
1977,10
1980,37
1922,21
1923,15
1994,55
1967,41
1952,54
1968,20
1949,48
1912,54
1991,54
1988,26
1949,10
1903,6
1903,23
1932,50
1944,48
1916,34
1926,38
1908,35
1928,49
1964,41
1956,57
1933,37
1988,30
1980,12
1915,15
1973,55
1931,16
1982,49
1975,26
1940,36
1978,38
1961,9
1973,47
1991,48
1921,50
1933,39
1982,13
1934,35
1921,34
1936,20
1937,39
1940,27
1944,58
1965,10
1993,46
1956,34
1916,39
1931,20
1942,22
1954,16
1999,48
1970,5
1962,59
1963,43
1900,23
1986,51
1967,48
1925,20
1934,15
1991,18
1958,17
1964,59
1994,40
1962,9
1928,31
1965,21
1959,44
1980,35
1987,59
1946,37
1965,23
1971,18
1932,52
1987,33
1985,48
1980,59
1979,5
1969,8
1971,37
1906,26
1955,10
1903,36
1987,35
1960,48
1910,33
1907,52
1940,22
1928,48
1978,45
1921,57
1983,56
1912,54
1987,48
1934,41
1910,29
1962,44
1962,37
1923,27
1940,5
1999,10
1923,28
1989,50
1919,9
1906,43
1973,18
1925,27
1999,29
1988,44
1904,38
1960,36
1986,18
1979,35
1912,47
1986,12
1966,6
1994,23
1997,40
1946,56
1993,48
1943,36
1911,58
1910,6
1957,16
1953,10
1981,21
1976,51
1948,8
1944,49
1980,13
1968,58
1977,5
1907,57
1934,12
1994,48
1903,25
1919,13
1921,57
1921,60
1941,35
1933,40
1962,25
1942,56
1979,41
1941,47
1943,47
1980,23
1940,11
1945,50
1930,39
1982,36
1952,19
1914,15
1901,6
1915,19
1923,12
1996,21
1912,22
1919,49
1916,58
1909,21
1924,20
1938,18
1912,27
1967,54
1911,23
1941,57
1961,58
1968,38
1919,38
1937,59
1990,50
1955,16
1907,23
1963,44
1946,5
1944,10
1945,34
1927,37
1946,20
1976,35
1938,17
1963,22
1982,9
1910,30
1908,14
1914,54
1913,8
1995,51
1952,45
1906,33
1931,30
1949,39
1966,21
1931,37
1936,47
1907,56
1913,36
1949,5
1944,40
1952,31
1931,5
1901,38
1940,34
1988,57
1963,50
1978,16
1967,54
1903,6
1909,11
1954,22
1938,60
1910,24
1971,9
1988,43
1908,14
1945,43
1969,54
1937,54
1935,13
1981,50
1965,41
1968,31
1950,25
1917,48
1927,17
1917,59
1951,48
1995,21
1944,49
1911,24
1930,32
1964,17
1923,41
1948,29
1989,37
1911,12
1962,36
1984,31
1981,47
1947,11
1958,54
1904,45
1923,32
1973,26
1927,26
1965,58
1957,53
1933,20
1904,25
1995,6
1907,44
1989,33
1970,59
1938,53
1968,47
1937,17
1900,5
1922,58
1964,51
1910,36
1944,29
1917,11
1980,55
1983,8
1935,60
1910,37
1984,21
1950,40
1988,47
1931,32
1929,22
1903,35
1984,17
1936,13
1945,59
1950,28
1969,18
1904,47
1993,46
1934,49
1905,17
1969,10
1960,26
1990,28
1940,14
1965,53
1967,26
1934,25
1957,38
1991,29
1937,39
1951,7
1947,5
1941,39
1995,27
1977,15
1925,25
1904,6
1901,43
1902,36
1952,48
1943,7
1932,30
1919,55
1938,22
1913,40
1991,24
1981,5
1932,25
1966,33
1964,34
1905,23
1909,30
1989,60
1942,27
1929,25
1937,18
1981,33
1954,43
1964,44
1973,13
1930,54
1996,40
1925,28
1918,56
1933,46
1913,44
1966,43
1900,33
1954,35
1974,26
1928,48
1995,59
1974,45
1931,32
1994,57
1910,27
1976,31
1948,33
1977,39
1971,19
1941,40
1906,38
1928,17
1906,49
1952,50
1939,48
1983,29
1913,33
1935,45
1951,44
1962,34
1914,55
1924,53
1988,12
1928,25
1920,45
1934,56
1923,26
1986,12
1944,51
1941,48
1956,33
1947,8
1902,32
1931,54
1936,36
1996,16
1936,44
1901,28
1920,38
1936,26
1967,46
1909,29
1951,49
1985,19
1940,33
1910,42
1913,52
1964,20
1990,31
1964,21
1910,43
1958,16
1983,55
1935,40
1991,45
1917,17
1915,22
1978,55
1912,51
1905,44
1913,40
1973,39
1927,54
1918,34
1921,28
1902,23
1953,16
1952,55
1931,54
1926,16
1936,52
1993,32
1923,16
1936,48
1968,39
1979,36
1939,37
1990,14
1963,17
1946,30
1914,13
1916,17
1971,45
1972,37
1934,27
1990,52
1992,8
1963,28
1964,35
1920,42
1962,18
1929,60
1979,43
1949,49
1983,44
1944,21
1999,19
1901,28
1956,21
1981,13
1906,29
1963,46
1953,42
1902,59
1988,60
1939,12
1957,26
1976,8
1986,5
1948,14
1912,36
1954,54
1979,36
1988,17
1990,20
1928,55
1975,12
1985,15
1934,26
1917,12
1914,42
1946,25
1993,30
1941,23
1919,11
1981,13
1960,21
1922,45
1942,28
1920,35
1997,56
1926,26
1908,13
1994,51
1977,55
1912,45
1913,41
1918,52
1919,60
1936,17
1974,23
1919,28
1980,28
1986,20
1987,16
1925,56
1980,52
1908,54
1956,21
1928,44
1934,40
1921,15
1961,40
1943,20
1913,24
1948,35
1906,55
1997,40
1930,7
1906,56
1945,16
1903,22
1917,48
1940,28
1938,33
1970,38
1934,52
1908,49
1959,43
1903,6
1974,24
1982,59
1952,21
1950,16
1978,29
1972,53
1903,47
1906,15
1903,46
1936,44
1942,47
1954,46
1929,6
1983,49
1960,17
1955,60
1944,44
1939,58
1965,51
1934,44
1974,59
1909,46
1926,24
1970,44
1966,40
1985,55
1902,30
1923,7
1949,5
1902,46
1946,33
1912,12
1921,22
1928,20
1980,48
1916,37
1989,43
1935,52
1964,37
1987,33
1923,56
1919,36
1908,23
1968,11
1926,19
1970,26
1909,54
1923,9
1993,8
1973,57
1974,46
1922,45
1961,42
1944,35
1995,5
1978,53
1912,50
1950,5
1945,12
1933,54
1999,33
1967,60
1936,12
1968,33
1992,10
1936,41
1955,45
1945,48
1957,34
1902,56
1959,27
1990,59
1910,16
1908,31
1994,39
1984,59
1911,54
1960,31
1973,23
1975,28
1966,53
1933,16
1912,54
1933,37
1951,30
1974,8
1953,47
1923,11
1937,20
1944,19
1953,16
1989,47
1940,22
1917,32
1955,60
1986,29
1983,51
1981,9
1987,59
1929,19
1903,18
1908,44
1984,17
1924,47
1938,45
1967,22
1900,35
1986,11
1983,38
1930,37
1939,32
1960,55
1927,39
1941,56
1940,34
1973,60
1956,18
1922,60
1970,40
1943,31
1904,31
1983,46
1908,38
1960,38
1912,42
1994,44
1975,35
1992,39
1910,29
1941,34
1985,22
1967,25
1936,22
1998,32
1996,19
1906,20
1943,26
1923,31
1947,7
1942,23
1960,44
1992,39
1989,10
1974,29
1907,29
1962,8
1922,42
1948,14
1944,10
1968,20
1917,39
1943,11
1932,7
1907,15
1954,44
1952,13
1921,53
1941,26
1934,14
1986,52
1969,5
1988,22
1961,48
1972,13
1959,8
1942,21
1932,28
1916,27
1969,60
1907,24
1942,8
1916,28
1956,26
1997,17
1979,56
1905,54
1975,29
1988,13
1907,43
1944,56
1952,18
1916,31
1998,18
1945,8
1981,42
1963,24
1905,36
1918,46
1970,19
1918,16
1954,23
1964,56
1999,55
1995,45
1938,49
1951,10
1913,25
1920,17
1951,5
1970,7
1968,33
1929,54
1968,56
1905,13
1967,40
1973,46
1977,26
1988,23
1974,52
1912,21
1980,38
1910,29
1934,31
1965,45
1913,48
1906,58
1955,14
1996,29
1968,10
1939,51
1952,41
1968,37
1987,21
1972,11
1948,59
1993,7
1931,35
1948,20
1993,12
1926,24
1980,58
1950,12
1978,11
1964,46
1948,25
1910,28
1908,39
1917,52
1961,33
1934,40
1901,15
1914,41
1929,48
1913,24
1986,27
1982,49
1939,8
1976,5
1999,54
1947,53
1992,14
1940,23
1904,36
1929,33
1928,38
1927,30
1952,45
1995,14
1964,31
1913,12
1932,29
1912,40
1980,57
1994,53
1931,50
1989,25
1915,23
1941,18
1942,50
1996,11
1965,55
1991,19
1904,23
1927,5
1978,19
1922,34
1900,35
1946,8
1949,33
1925,47
1994,16
1952,54
1966,34
1960,29
1935,30
1995,26
1938,40
1995,54
1909,44
1996,51
1950,10
1907,28
1918,39
1953,23
1979,16
1994,45
1993,22
1919,47
1966,57
1918,17
1992,50
1942,26
1958,35
1943,45
1995,11
1910,44
1963,31
1960,9
1907,58
1941,52
1945,19
1938,34
1968,50
1957,53
1931,58
1975,22
1979,13
1966,16
1995,31
1921,48
1909,10
1974,31
1951,22
1944,53
1927,59
1971,42
1919,38
1920,19
1965,49
1914,10
1961,48
1934,55
1966,6
1981,11
1929,54
1948,22
1902,55
1973,40
1969,30
1962,31
1965,55
1960,45
1965,17
1997,40
1976,50
1927,10
1912,14
1974,41
1906,24
1911,42
1978,59
1915,49
1947,24
1927,21
1918,55
1906,38
1963,21
1985,16
1930,37
1940,26
1971,57
1963,18
1955,52
1960,27
1966,12
1971,42
1990,18
1998,37
1921,31
1974,23
1962,7
1985,14
1958,15
1939,19
1983,13
1990,13
1949,53
1971,28
1917,51
1936,57
1901,49
1902,50
1969,26
1997,45
1916,37
1946,18
1983,12
1963,54
1947,31
1980,38
1948,46
1910,35
1906,54
1983,5
1900,42
1920,34
1957,60
1983,19
1954,57
1903,48
1935,48
1907,42
1982,46
1991,50
1984,29
1930,48
1971,45
1969,42
1962,16
1972,30
1912,35
1956,36
1939,24
1905,49
1976,53
1950,13
1994,47
1946,20
1982,17
1903,31
1986,8
1990,20
1953,40
1922,13
1964,49
1913,11
1941,5
1970,25
1974,32
1946,41
1969,32
1944,18
1912,59
1907,34
1963,14
1915,21
1991,43
1938,32
1960,44
1921,16
1967,17
1935,5
1984,31
1951,40
1960,48
1937,43
1977,26
1987,42
1940,15
1973,17
1957,41
1917,34
1903,59
1961,58
1984,30
1992,25
1924,51
1992,42
1932,57
1902,48
1915,22
1966,41
1933,40
1989,43
1963,41
1973,30
1936,15
1979,52
1929,5
1938,37
1936,47
1913,9
1990,29
1983,59
1943,57
1983,33
1973,11
1964,34
1960,7
1909,53
1999,51
1984,23
1903,26
1926,23
1969,52
1957,31
1914,52
1914,17
1908,29
1912,45
1908,16
1902,12
1967,11
1913,48
1975,57
1920,36
1904,7
1916,31
1965,8
1958,57
1924,20
1902,38
1949,49
1905,17
1946,43
1968,32
1980,58
1916,27
1949,18
1903,58
1908,35
1969,47
1954,39
1976,49
1984,38
1937,24
1998,60
1972,51
1949,21
1912,35
1944,50
1972,23
1933,42
1978,48
1901,15
1966,37
1962,6
1973,23
1952,51
1923,37
1945,35
1926,7
1972,44
1921,15
1915,48
1995,45
1940,54
1978,10
1989,33
1926,5
1997,19
1930,9
1921,19
1915,9
1914,53
1973,59
1902,54
1969,15
1935,51
1982,37
1923,32
1990,21
1989,37
1916,21
1901,34
1940,56
1924,55
1924,42
1941,50
1965,35
1968,58
1952,56
1969,52
1957,19
1934,37
1918,60
1950,26
1918,19
1929,33
1992,59
1990,22
1932,39
1903,56
1939,14
1938,33
1943,24
1977,10
1953,41
1952,49
1968,60
1906,37
1919,21
1991,26
1979,39
1947,16
1947,28
1922,8
1910,19
1903,54
1976,28
1953,32
1959,43
1950,48
1952,18
1974,30
1920,10
1959,19
1963,46
1983,36
1947,20
1977,22
1999,24
1912,6
1955,56
1983,26
1970,51
1988,25
1990,33
1996,58
1933,55
1964,27
1945,47
1929,19
1918,41
1947,52
1953,6
1936,34
1940,16
1951,44
1934,46
1911,5
1976,55
1984,15
1965,48
1936,14
1900,48
1909,48
1994,16
1912,47
1923,45
1996,52
1925,36
1935,8
1904,50
1915,39
1999,36
1995,31
1991,32
1982,57
1927,7
1993,23
1950,60
1921,43
1951,20
1959,42
1978,46
1991,33
1991,45
1976,8
1956,16
1985,56
1960,26
1967,57
1943,25
1986,9
1996,11
1913,15
1962,30
1991,32
1986,18
1936,29
1947,45
1973,41
1930,48
1937,21
1996,25
1939,43
1990,31
1902,31
1994,41
1932,23
1904,10
1969,37
1908,16
1944,49
1977,46
1999,10
1933,6
1946,54
1934,54
1992,24
1935,33
1902,47
1935,52
1920,60
1946,19
1978,58
1928,58
1976,55
1968,54
1999,19
1942,13
1977,43
1912,39
1900,25
1920,10
1920,54
1902,53
1904,37
1914,13
1984,36
1952,28
1903,31
1986,47
1947,43
1961,15
1989,13
1907,13
1963,18
1904,5
1988,39
1926,38
1906,7
1920,15
1955,59
1940,51
1920,18
1927,48
1913,22
1996,52
1908,56
1929,7
1971,11
1901,11
1970,55
1942,12
1985,18
1902,51
1983,20
1927,59
1961,14
1938,37
1972,57
1978,31
1902,53
1963,10
1994,27
1961,59
1982,35
1957,38
1957,25
1951,19
1965,24
1987,9
1971,18
1910,57
1939,21
1953,54
1945,20
1977,19
1937,29
1922,16
1925,9
1923,13
1999,14
1992,50
1983,45
1955,13
1927,8
1947,21
1918,6
1990,52
1965,35
1978,15
1938,30
1969,7
1933,26
1968,56
1952,15
1981,5
1965,33
1968,19
1915,41
1927,26
1980,24
1906,8
1913,40
1998,23
1991,9
1976,56
1963,48
1963,52
1953,40
1992,42
1987,7
1971,49
1918,10
1959,17
1968,17
1921,55
1959,43
1933,47
1969,23
1969,41
1932,8
1974,39
1958,25
1980,52
1962,44
1940,37
1977,8
1919,55
1950,24
1959,21
1929,25
1919,19
1951,21
1982,38
1995,6
1921,58
1922,11
1962,30
1938,27
1914,12
1943,18
1993,14
1914,55
1988,7
1985,13
1904,40
1969,26
1974,52
1955,9
1934,39
1977,22
1927,21
1991,5
1994,22
1926,24
1970,16
1904,41
1975,58
1934,15
1921,11
1960,25
1948,40
1916,49
1997,16
1907,59
1965,54
1973,47
1991,8
1907,44
1905,33
1970,5
1907,52
1932,53
1974,39
1904,25
1952,29
1940,27
1921,34
1944,6
1996,10
1931,9
1903,5
1936,59
1933,29
1999,35
1972,42
1982,17
1927,52
1929,39
1907,28
1933,13
1939,32
1966,18
1966,43
1951,7
1984,15
1931,59
1952,14
1991,14
1976,8
1988,16
1972,39
1997,5
1972,60
1916,58
1992,54
1907,17
1961,8
1969,48
1922,19
1928,6
1929,32
1999,43
1922,14
1959,35
1998,49
1949,19
1914,34
1944,13
1996,15
1909,35
1962,13
1963,9
1956,35
1904,6
1952,34
1991,10
1900,11
1942,51
1988,12
1964,33
1907,34
1927,20
1918,23
1912,32
1987,58
1946,5
1965,7
1906,33
1932,30
1938,21
1901,11
1995,6
1998,39
1989,24
1978,16
1924,26
1923,25
1997,15
1931,52
1921,13
1927,51
1982,23
1999,46
1925,29
1981,10
1985,26
1918,16
1948,56
1960,43
1904,49
1938,33
1973,24
1951,10
1923,19
1967,19
1995,51
1985,24
1925,16
1945,57
1980,56
1940,32
1977,59
1963,29
1976,26
1969,21
1908,30
1997,53
1945,60
1966,31
1937,12
1905,40
1968,54
1994,21
1995,46
1918,56
1999,60
1946,56
1992,30
1967,32
1995,59
1977,20
1906,23
1962,19
1974,18
1911,53
1984,52
1982,44
1955,37
1920,50
1960,38
1941,43
1912,22
1929,44
1923,26
1930,29
1996,27
1976,48
1941,28
1929,8
1950,48
1921,15
1968,18
1966,43
1997,22
1934,33
1964,36
1998,44
1983,7
1918,11
1969,57
1963,60
1963,24
1942,6
1963,42
1904,35
1946,19
1951,51
1990,36
1973,13
1969,15
1939,40
1910,25
1976,37
1957,38
1973,44
1950,33
1967,44
1903,38
1903,57
1978,57
1904,56
1957,39
1993,52
1916,17
1937,54
1909,39
1928,9
1982,43
1915,9
1912,55
1953,12
1981,48
1999,56
1935,29
1988,15
1937,39
1931,41
1985,15
1943,15
1901,40
1982,29
1938,24
1967,43
1993,16
1943,46
1964,43
1947,53
1920,46
1914,30
1915,52
1930,7
1917,20
1958,60
1978,9
1938,43
1979,49
1986,31
1903,40
1934,31
1915,57
1914,37
1910,24
1901,47
1943,49
1994,53
1981,20
1963,40
1925,38
1999,58
1981,33
1963,29
1975,40
1927,25
1918,27
1994,9
1975,15
1909,15
1917,60
1961,15
1902,30
1942,15
1966,14
1926,36
1926,46
1903,48
1950,33
1983,10
1924,55
1927,27
1977,15
1950,19
1970,6
1993,53
1992,55
1919,30
1907,42
1980,28
1937,31
1959,27
1979,45
1952,34
1978,52
1914,31
1955,6
1948,35
1949,57
1995,55
1904,32
1947,51
1928,12
1960,39
1979,36
1962,11
1903,7
1977,49
1945,21
1999,29
1985,53
1932,35
1952,33
1985,57
1926,35
1987,9
1938,7
1936,43
1962,30
1978,23
1907,30
1903,5
1965,50
1937,55
1903,31
1946,42
1952,54
1954,28
1904,51
1925,54
1998,46
1962,32
1912,37
1958,41
1978,56
1971,12
1957,49
1923,16
1973,44
1921,30
1925,53
1910,31
1952,26
1944,17
1979,44
1946,38
1970,60
1906,24
1992,35
1983,25
1972,56
1957,60
1933,24
1909,15
1933,17
1987,42
1974,7
1936,8
1940,28
1943,24
1954,28
1988,46
1950,56
1943,7
1910,53
1948,19
1902,56
1973,44
1942,19
1915,17
1958,9
1986,22
1949,13
1940,22
1977,29
1903,39
1980,10
1978,9
1963,17
1956,16
1986,10
1934,18
1917,59
1978,57
1973,55
1984,42
1907,10
1977,31
1926,51
1985,16
1977,29
1996,58
1924,50
1961,49
1993,51
1997,34
1948,16
1926,50
1919,47
1921,34
1944,19
1922,21
1947,15
1908,41
1953,41
1956,43
1943,19
1943,60
1981,31
1938,54
1904,58
1952,45
1926,29
1918,43
1964,48
1989,16
1920,40
1930,46
1950,38
1934,24
1968,34
1952,32
1994,55
1956,22
1921,14
1973,56
1980,58
1981,19
1999,17
1900,20
1948,20
1923,6
1913,33
1937,44
1965,28
1900,18
1982,31
1962,38
1949,16
1973,17
1931,22
1970,37
1927,36
1917,43
1914,39
1944,40
1964,5
1959,30
1928,18
1911,7
1958,60
1968,54
1936,24
1962,50
1959,45
1921,8
1921,56
1950,41
1933,48
1995,22
1950,22
1912,15
1907,26
1990,46
1970,29
1930,12
1957,23
1969,36
1968,24
1998,51
1974,22
1951,33
1934,52
1917,10
1908,33
1923,14
1914,22
1986,26
1944,58
1976,18
1948,58
1931,18
1997,40
1984,52
1965,19
1947,24
1981,39
1975,40
1958,17
1991,48
1957,33
1975,15
1949,28
1926,55
1954,20
1978,57
1985,28
1907,60
1951,43
1970,6
1907,50
1910,26
1948,53
1986,52
1991,43
1945,48
1935,34
1963,30
1960,58
1962,17
1926,34
1980,53
1980,7
1991,43
1922,24
1951,8
1909,14
1958,9
1986,19
1929,43
1932,24
1984,48
1902,28
1956,24
1964,35
1978,51
1950,21
1931,50
1993,33
1994,41
1936,51
1916,38
1907,6
1972,26
1911,27
1946,39
1996,9
1967,24
1978,18
1994,60
1941,48
1956,60
1944,7
1925,46
1993,18
1922,47
1913,26
1913,22
1927,33
1921,27
1976,58
1931,16
1976,29
1920,34
1954,32
1914,22
1984,31
1996,47
1924,52
1964,38
1961,9
1978,13
1929,24
1984,52
1930,27
1925,57
1969,50
1947,48
1939,12
1987,35
1905,31
1904,47
1964,33
1934,44
1941,29
1912,23
1996,5
1981,21
1980,46
1985,58
1951,39
1986,12
1937,50
1967,32
1986,30
1976,28
1916,11
1953,51
1991,46
1991,42
1916,24
1987,56
1995,13
1986,8
1986,16
1954,57
1973,43
1943,46
1919,59
1942,10
1908,55
1960,32
1908,51
1932,30
1954,19
1993,60
1936,28
1900,31
1972,10
1925,5
1919,50
1941,27
1933,36
1958,54
1910,17
1904,24
1953,19
1919,49
1902,13
1900,24
1926,49
1929,50
1910,50
1907,45
1916,60
1910,7
1911,23
1968,5
1952,13
1932,49
1998,48
1961,58
1937,46
1933,27
1977,19
1918,50
1934,19
1921,23
1911,6
1905,57
1964,26
1936,30
1955,44
1921,32
1921,57
1922,19
1999,53
1926,43
1970,21
1999,25
1975,40
1921,11
1945,32
1939,39
1917,11
1971,52
1924,49
1922,14
1989,39
1920,54
1950,13
1934,22
1965,42
1979,43
1902,54
1922,17
1931,44
1986,21
1960,39
1920,29
1929,46
1931,26
1999,51
1975,47
1984,11
1921,60
1919,24
1952,32
1994,16
1921,42
1999,33
1964,26
1988,41
1952,39
1949,50
1908,14
1939,6
1941,35
1924,42
1973,48
1913,14
1985,25
1934,40
1999,12
1946,5
1990,40
1921,12
1969,44
1979,24
1978,47
1976,11
1904,22
1936,31
1916,53
1945,59
1993,7
1943,42
1923,21
1978,60
1959,38
1990,6
1954,57
1933,8
1950,41
1966,9
1977,30
1939,39
1940,25
1909,25
1933,24
1910,15
1978,43
1973,14
1989,18
1999,28
1906,15
1930,37
1951,8
1925,51
1925,11
1926,44
1901,42
1938,48
1966,55
1922,58
1975,47
1922,31
1979,12
1928,12
1934,18
1924,60
1951,28
1918,22
1989,41
1980,55
1921,37
1903,60
1916,30
1918,46
1926,19
1958,12
1940,24
1987,15
1906,49
1930,45
1990,18
1999,30
1903,27
1987,53
1983,11
1930,32
1942,23
1944,6
1918,53
1905,37
1925,40
1976,43
1912,12
1957,38
1903,42
1923,25
1900,60
1946,37
1975,19
1938,51
1962,49
1931,56
1964,17
1902,53
1992,38
1953,37
1904,59
1968,9
1977,59
1965,29
1992,45
1971,38
1958,29
1929,58
1910,35
1956,16
1920,21
1952,9
1932,23
1931,60
1931,16
1949,55
1949,26
1906,27
1907,44
1959,58
1973,16
1989,49
1902,50
1987,20
1940,18
1972,47
1939,55
1993,53
1968,26
1999,38
1956,20
1905,9
1998,22
1912,55
1945,46
1996,17
1976,22
1972,57
1924,60
1928,27
1983,44
1961,60
1986,37
1960,53
1965,17
1907,58
1927,37
1956,36
1959,25
1915,8
1931,15
1954,58
1972,5
1982,57
1999,53
1978,8
1979,53
1982,16
1902,12
1995,29
1914,21
1973,58
1948,21
1906,21
1963,20
1991,10
1909,47
1965,41
1977,27
1915,9
1907,51
1910,46
1962,57
1957,30
1965,34
1930,48
1934,15
1953,41
1987,24
1905,9
1989,27
1939,35
1936,58
1911,41
1967,42
1915,41
1931,26
1958,25
1936,57
1956,58
1954,44
1951,52
1974,57
1961,60
1976,9
1912,28
1990,22
1986,6
1988,31
1912,38
1921,37
1944,6
1907,28
1952,35
1942,60
1904,25
1957,11
1991,57
1958,40
1984,13
1926,26
1905,50
1903,35
1945,30
1920,7
1900,31
1997,9
1922,40
1970,48
1904,38
1965,27
1944,39
1928,25
1932,46
1949,45
1982,53
1989,38
1979,50
1916,17
1974,31
1961,49
1951,50
1907,47
1915,8
1997,25
1991,28
1900,40
1931,5
1959,9
1932,24
1988,20
1996,18
1971,53
1902,24
1967,11
1988,45
1917,60
1903,7
1927,38
1946,10
1977,30
1905,21
1989,21
1916,54
1931,40
1932,12
1987,20
1999,5
1909,33
1983,9
1919,39
1947,27
1953,60
1987,59
1928,15
1974,57
1918,39
1997,24
1939,17
1958,14
1930,41
1916,32
1973,25
1954,59
1902,15
1903,38
1909,55
1923,57
1984,50
1900,15
1993,51
1926,12
1961,18
1987,25
1989,32
1985,11
1954,50
1928,44
1923,48
1920,55
1999,56
1980,39
1973,19
1946,33
1962,57
1939,29
1914,30
1939,56
1944,40
1982,21
1921,35
1973,9
1990,53
1946,44
1920,43
1947,32
1901,17
1982,45
1971,10
1984,56
1948,54
1998,33
1938,48
1985,23
1962,59
1941,25
1920,46
1927,9
1931,42
1964,48
1930,14
1973,37
1955,50
1925,59
1955,9
1959,32
1989,10
1963,13
1958,42
1983,28
1965,22
1999,33
1941,34
1985,25
1978,48
1947,55
1983,36
1966,57
1905,31
1909,31
1935,51
1999,21
1987,30
1953,51
1910,44
1904,31
1953,47
1927,36
1956,43
1985,21
1985,56
1942,10
1963,22
1924,60
1997,45
1908,35
1903,40
1947,22
1948,58
1901,10
1999,35
1919,30
1941,45
1909,8
1973,6
1965,22
1908,45
1930,5
1940,28
1948,30
1990,49
1924,49
1942,34
1963,20
1985,29
1932,18
1923,7
1956,14
1937,20
1903,56
1957,28
1986,17
1968,22
1929,6
1993,32
1935,27
1928,42
1976,18
1931,11
1978,18
1965,39
1978,48
1911,10
1967,31
1985,27
1977,22
1910,29
1943,36
1908,44
1975,41
1918,35
1904,10
1938,39
1938,55
1907,11
1972,53
1918,46
1921,39
1982,42
1959,48
1980,16
1957,34
1906,48
1946,17
1983,41
1978,24
1946,59
1995,41
1961,46
1923,35
1978,15
1910,11
1957,31
1983,46
1909,46
1928,39
1992,56
1969,29
1936,28
1973,20
1982,59
1907,9
1994,60
1950,56
1911,55
1949,20
1951,6
1941,16
1969,49
1904,5
1910,30
1949,25
1999,30
1947,60
1904,27
1924,51
1937,29
1956,19
1989,10
1935,44
1952,59
1903,32
1904,11
1947,17
1999,13
1910,53
1916,29
1994,13
1998,8
1980,59
1992,19
1981,43
1965,23
1973,56
1990,34
1929,28
1989,20
1944,50
1916,55
1967,16
1908,29
1996,23
1979,17
1952,39
1921,53
1923,43
1936,7
1995,30
1916,57
1951,49
1970,54
1966,48
1928,8
1968,51
1933,58
1979,24
1972,11
1913,47
1945,9
1957,41
1979,5
1955,33
1975,60
1911,36
1910,17
1926,6
1982,30
1950,55
1988,58
1914,32
1996,36
1920,56
1997,53
1952,58
1965,52
1982,13
1958,37
1916,6
1983,5
1978,57
1942,7
1946,10
1996,47
1951,60
1919,22
1979,17
1979,56
1962,43
1999,40
1981,36
1928,22
1956,22
1916,54
1937,53
1956,45
1994,52
1962,55
1965,13
1966,57
1981,47
1988,54
1995,38
1975,9
1913,52
1933,25
1993,51
1925,7
1958,31
1939,8
1963,35
1937,44
1943,39
1922,35
1954,51
1948,36
1941,59
1965,27
1927,30
1900,10
1971,44
1963,39
1961,6
1906,11
1914,60
1987,20
1948,35
1971,19
1958,37
1977,54
1987,14
1966,26
1984,55
1978,9
1935,40
1918,53
1956,31
1946,55
1986,29
1929,59
1918,34
1981,33
1980,7
1979,42
1900,6
1908,38
1984,19
1932,53
1992,57
1910,55
1981,42
1971,20
1913,39
1935,59
1914,13
1916,27
1930,50
1950,49
1922,24
1951,7
1987,58
1967,59
1958,56
1914,25
1961,39
1950,10
1960,50
1943,39
1952,54
1903,57
1966,31
1909,26
1911,10
1957,56
1953,41
1937,30
1983,53
1938,43
1973,13
1973,51
1935,5
1954,19
1902,56
1946,18
1925,55
1992,25
1948,11
1925,32
1986,34
1945,54
1986,13
1924,9
1915,50
1979,51
1960,55
1911,56
1925,15
1961,59
1912,46
1901,25
1953,55
1907,31
1952,57
1997,28
1900,47
1966,8
1993,20
1988,7
1975,41
1969,13
1927,35
1905,48
1951,53
1939,57
1970,13
1945,42
1940,60
1983,40
1967,60
1953,38
1918,14
1966,33
1920,53
1978,10
1930,55
1994,20
1953,60
1915,33
1938,32
1919,17
1942,16
1928,59
1916,30
1953,22
1910,46
1938,9
1978,25
1947,16
1937,23
1957,41
1943,58
1933,56
1975,56
1949,36
1982,29
1922,18
1942,47
1993,36
1963,54
1993,31
1970,25
1944,56
1993,45
1976,60
1907,13
1921,44
1998,29
1940,48
1919,32
1900,8
1972,6
1978,16
1954,27
1981,26
1929,6
1901,11
1977,57
1933,22
1909,11
1994,47
1979,5
1997,26
1933,28
1905,46
1923,44
1932,29
1905,32
1915,44
1994,21
1920,11
1960,14
1988,13
1927,42
1913,39
1901,52
1960,25
1989,27
1993,10
1906,25
1935,53
1967,39
1941,53
1943,32
1973,52
1966,11
1956,9
1920,21
1905,36
1937,17
1913,53
1964,14
1921,38
1922,18
1950,24
1962,39
1936,25
1977,58
1984,41
1919,44
1912,58
1982,43
1936,52
1928,59
1908,55
1934,13
1961,59
1963,56
1907,36
1960,55
1926,49
1911,46
1984,56
1904,11
1977,21
1946,24
1995,57
1901,41
1933,47
1977,30
1970,30
1902,9
1949,11
1948,40
1925,25
1924,21
1956,11
1996,35
1908,49
1910,8
1900,31
1979,26
1910,45
1985,41
1952,46
1936,42
1972,25
1970,10
1990,56
1987,38
1983,11
1973,13
1990,11
1956,48
1939,33
1970,43
1919,51
1902,21
1944,46
1950,34
1967,13
1949,31
1995,10
1963,8
1986,13
1947,25
1915,33
1922,43
1964,12
1935,23
1991,30
1973,13
1926,23
1933,33
1976,10
1965,50
1987,39
1938,45
1938,41
1947,27
1900,49
1963,11
1982,54
1959,52
1919,47
1906,11
1998,10
1979,53
1925,54
1927,6
1939,14
1916,54
1916,33
1989,53
1984,27
1911,24
1921,5
1964,13
1908,50
1927,25
1942,14
1941,33
1962,19
1988,50
1912,58
1922,42
1975,24
1932,46
1978,45
1986,29
1925,28
1903,18
1955,7
1954,55
1997,20
1939,40
1979,10
1918,33
1964,56
1937,27
1988,5
1988,53
1943,54
1967,6
1912,39
1926,54
1997,45
1970,37
1965,52
1985,9
1974,25
1922,21
1901,46
1996,41
1937,58
1939,60
1928,28
1927,5
1958,5
1997,28
1945,39
1942,42
1986,36
1962,51
1991,45
1907,9
1916,52
1982,41
1972,36
1965,21
1950,44
1941,9
1934,17
1966,42
1920,43
1996,60
1903,37
1919,20
1927,51
1927,6
1932,5
1965,14
1950,59
1917,24
1944,5
1936,49
1945,42
1950,40
1930,56
1976,31
1921,13
1989,18
1912,55
1972,35
1961,49
1957,16
1980,10
1978,20
1929,39
1934,46
1938,19
1972,58
1935,51
1976,55
1960,58
1961,54
1942,30
1951,8
1965,30
1958,49
1949,29
1942,29
1951,42
1929,41
1922,22
1947,18
1951,41
1978,22
1926,19
1974,26
1935,11
1928,24
1903,13
1997,26
1943,7
1979,13
1967,20
1999,42
1930,56
1971,8
1943,49
1968,51
1919,45
1948,12
1949,34
1961,20
1947,25
1911,36
1913,15
1994,33
1901,32
1934,47
1961,5
1969,39
1929,17
1961,19
1988,40
1944,11
1921,52
1932,52
1936,14
1971,28
1999,43
1977,30
1903,57
1946,33
1986,59
1930,12
1929,34
1934,23
1976,23
1931,32
1970,54
1912,26
1924,22
1963,16
1945,52
1969,56
1929,58
1938,9
1902,59
1914,59
1995,38
1999,8
1922,59
1907,44
1906,34
1945,40
1935,40
1925,9
1916,7
1915,43
1902,39
1952,17
1942,28
1949,44
1998,37
1958,41
1978,6
1976,40
1932,50
1937,56
1918,54
1948,6
1910,32
1958,10
1933,48
1943,7
1905,16
1975,21
1951,7
1906,5
1942,54
1965,55
1934,28
1932,21
1928,54
1990,8
1934,52
1922,29
1913,11
1967,32
1947,14
1906,59
1919,39
1972,28
1970,34
1998,21
1913,5
1987,17
1941,55
1963,44
1989,29
1996,31
1988,52
1923,14
1994,29
1949,20
1958,34
1966,12
1912,6
1994,31
1953,44
1925,8
1971,34
1918,32
1904,35
1941,36
1981,45
1940,48
1950,44
1973,20
1974,19
1991,50
1903,23
1994,19
1926,24
1921,20
1931,20
1996,19
1956,46
1998,53
1984,47
1976,52
1991,45
1915,24
1986,16
1949,31
1971,18
1984,14
1956,24
1949,6
1950,52
1910,33
1910,53
1956,56
1915,46
1990,60
1910,28
1934,27
1904,8
1973,40
1917,45
1992,49
1995,7
1951,20
1968,25
1929,52
1907,44
1924,59
1912,26
1901,30
1966,29
1910,48
1942,33
1906,47
1949,36
1927,50
1905,59
1963,41
1985,45
1967,6
1991,10
1908,47
1975,23
1918,28
1940,58
1973,26
1909,43
1902,28
1951,55
1936,9
1913,40
1938,34
1935,27
1982,15
1901,31
1927,5
1943,11
1985,20
1993,14
1982,46
1912,45
1905,11
1909,29
1971,13
1972,52
1915,23
1949,47
1972,5
1968,56
1967,40
1916,17
1928,16
1901,29
1924,50
1941,14
1959,40
1918,16
1908,44
1980,47
1971,6
1904,42
1995,24
1940,33
1923,35
1904,23
1995,57
1984,7
1910,59
1950,21
1944,50
1943,57
1987,54
1942,37
1949,20
1909,14
1997,56
1920,42
1914,46
1944,8
1963,49
1974,51
1975,29
1941,46
1984,9
1953,41
1987,38
1961,32
1976,54
1909,37
1918,30
1930,45
1968,48
1935,39
1905,46
1904,40
1937,56
1980,6
1956,52
1910,18
1965,59
1976,25
1945,29
1929,14
1913,29
1990,48
1902,47
1931,17
1900,33
1993,9
1969,28
1995,20
1985,31
1984,60
1988,17
1944,15
1970,55
1997,33
1976,31
1951,23
1909,37
1909,39
1939,34
1916,16
1902,17
1909,22
1927,41
1970,34
1919,31
1916,38
1910,40
1934,20
1939,42
1942,17
1943,51
1903,50
1907,32
1939,32
1976,37
1960,8
1924,40
1951,59
1932,44
1935,51
1989,36
1976,28
1956,58
1996,22
1967,18
1937,44
1986,42
1945,33
1931,34
1941,18
1948,41
1930,7
1994,50
1945,57
1924,49
1950,50
1983,30
1997,27
1972,14
1979,35
1997,12
1985,51
1990,58
1928,53
1979,25
1920,27
1924,46
1961,28
1979,45
1985,14
1922,44
1939,22
1957,58
1937,40
1965,8
1970,31
1900,55
1945,28
1928,30
1950,40
1912,12
1994,49
1902,25
1925,39
1954,36
1902,21
1991,53
1945,6
1921,24
1963,50
1905,58
1908,8
1981,13
1979,12
1994,36
1947,8
1999,37
1955,24
1978,14
1993,13
1971,23
1906,39
1920,8
1953,12
1927,28
1933,34
1944,42
1912,45
1927,45
1906,24
1991,33
1986,40
1904,26
1915,59
1935,17
1903,54
1923,53
1976,53
1962,13
1959,55
1922,27
1969,33
1972,19
1941,26
1940,33
1902,16
1984,15
1933,27
1987,36
1982,45
1918,38
1936,42
1989,21
1929,22
1902,44
1924,13
1935,47
1938,38
1933,43
1974,27
1960,41
1982,37
1953,54
1976,32
1936,57
1911,53
1973,8
1927,60
1962,55
1966,21
1998,18
1961,22
1959,56
1954,46
1901,18
1917,25
1986,33
1915,26
1945,59
1932,7
1980,14
1907,27
1996,38
1987,14
1931,58
1924,42
1961,58
1961,6
1969,36
1994,32
1930,15
1930,12
1922,16
1964,53
1935,33
1980,33
1956,30
1993,59
1925,6
1964,60
1943,47
1962,20
1997,7
1946,25
1982,42
1950,6
1911,28
1997,8
1925,21
1922,16
1968,43
1941,36
1918,59
1926,60
1942,12
1996,14
1961,31
1995,51
1985,59
1920,45
1971,27
1926,7
1988,58
1934,41
1978,15
1966,41
1906,25
1931,16
1953,9
1959,7
1988,57
1918,9
1928,18
1928,35
1914,52
1975,44
1942,39
1921,13
1963,35
1909,27
1949,20
1901,26
1937,31
1946,38
1996,26
1996,49
1944,54
1922,35
1963,28
1960,32
1992,21
1968,49
1985,42
1933,27
1959,58
1959,41
1914,19
1979,14
1957,48
1905,30
1961,9
1967,13
1973,30
1909,21
1906,55
1984,58
1932,40
1942,44
1973,41
1969,42
1931,29
1948,19
1919,42
1990,7
1905,55
1976,56
1980,33
1911,51
1920,19
1907,15
1968,20
1932,47
1912,33
1933,49
1960,16
1937,12
1990,33
1962,50
1998,55
1991,39
1979,44
1927,21
1945,57
1976,57
1950,26
1978,30
1934,25
1994,21
1925,8
1902,58
1978,22
1945,8
1991,60
1934,35
1993,11
1950,43
1950,51
1981,51
1990,7
1929,38
1936,10
1972,40
1907,30
1939,50
1943,41
1932,48
1978,58
1980,13
1915,59
1933,15
1909,10
1958,27
1973,9
1979,11
1946,41
1984,58
1962,26
1971,12
1972,33
1956,11
1976,49
1979,32
1945,14
1922,48
1949,17
1943,45
1998,11
1969,29
1988,52
1966,48
1951,59
1919,17
1968,55
1963,31
1978,39
1963,51
1928,27
1973,26
1931,31
1961,31
1997,32
1917,35
1951,49
1964,59
1928,55
1944,33
1959,34
1968,22
1965,56
1938,31
1963,56
1979,52
1931,44
1926,46
1946,17
1906,17
1956,34
1979,30
1905,25
1919,28
1942,24
1961,43
1994,41
1969,37
1904,28
1932,41
1904,36
1952,20
1951,14
1903,8
1913,43
1993,56
1992,7
1949,7
1931,40
1920,39
1948,8
1946,5
1963,19
1920,52
1985,34
1930,43
1978,33
1964,39
1949,17
1982,25
1930,5
1917,49
1930,17
1953,12
1973,25
1998,48
1974,7
1976,54
1908,37
1962,35
1939,17
1911,51
1951,22
1999,29
1951,8
1911,15
1924,30
1904,60
1976,23
1980,21
1959,33
1974,57
1936,31
1986,8
1970,35
1907,41
1936,49
1924,45
1958,41
1971,55
1980,35
1967,25
1929,37
1905,58
1957,43
1927,13
1903,47
1993,48
1904,50
1948,53
1926,37
1928,39
1900,18
1984,58
1980,52
1969,11
1909,24
1935,53
1940,33
1945,42
1909,50
1937,59
1944,12
1907,7
1955,5
1918,33
1958,47
1955,47
1960,7
1925,30
1962,57
1964,32
1905,47
1915,6
1980,19
1909,29
1939,7
1915,40
1922,50
1971,14
1992,20
1937,58
1922,45
1958,50
1955,19
1959,33
1940,52
1964,34
1903,27
1991,34
1927,20
1999,43
1968,60
1959,6
1977,5
1972,57
1944,37
1973,36
1919,27
1929,52
1999,11
1917,37
1912,51
1957,29
1909,45
1924,13
1958,19
1923,5
1950,20
1909,21
1920,27
1984,41
1901,19
1973,14
1924,19
1960,31
1995,15
1964,28
1997,58
1962,15
1933,48
1982,14
1994,44
1930,25
1943,52
1965,41
1987,20
1952,15
1997,51
1959,43
1905,18
1942,37
1946,5
1935,51
1906,36
1914,8
1920,41
1972,22
1930,34
1995,56
1966,11
1913,58
1979,60
1912,28
1921,53
1984,27
1997,57
1906,60
1909,37
1980,53
1901,9
1907,29
1969,56
1958,22
1929,31
1956,60
1989,19
1972,42
1960,33
1939,14
1927,12
1959,19
1951,54
1979,57
1905,27
1962,12
1997,40
1925,6
1975,48
1980,17
1960,31
1938,35
1999,27
1909,39
1932,5
1931,45
1940,10
1920,14
1917,26
1944,16
1923,8
1971,36
1942,38
1933,39
1939,13
1966,53
1971,53
1949,53
1944,33
1981,14
1915,24
1943,37
1972,57
1901,31
1995,20
1919,22
1923,55
1904,11
1976,44
1994,56
1916,41
1908,59
1955,32
1982,18
1948,37
1934,23
1919,40
1920,21
1990,23
1900,28
1947,48
1996,53
1993,14
1991,22
1953,24
1904,19
1980,42
1916,52
1971,32
1947,38
1940,16
1923,51
1962,54
1918,47
1952,8
1996,19
1956,51
1963,25
1970,40
1960,37
1959,39
1988,22
1990,20
1956,46
1987,42
1953,22
1922,34
1934,48
1919,12
1965,54
1981,42
1962,53
1919,57
1947,46
1975,38
1922,58
1922,31
1994,39
1950,35
1971,35
1950,20
1924,10
1993,49
1947,26
1934,11
1943,44
1926,45
1903,52
1976,9
1966,37
1943,35
1913,44
1982,59
1943,39
1966,40
1986,33
1903,6
1904,7
1917,10
1944,14
1948,51
1956,52
1967,28
1992,35
1901,46
1953,24
1938,52
1939,17
1959,58
1957,48
1988,36
1987,50
1964,49
1921,8
1985,30
1921,59
1952,26
1974,46
1988,47
1957,54
1966,49
1992,34
1975,14
1982,9
1935,58
1978,44
1972,30
1926,27
1966,26
1958,42
1903,15
1941,19
1932,9
1939,41
1975,29
1969,31
1901,39
1992,30
1922,11
1918,35
1930,45
1973,7
1973,6
1907,19
1948,41
1978,31
1942,46
1974,33
1900,30
1904,14
1923,30
1928,7
1999,10
1948,25
1992,53
1951,38
1918,30
1987,5
1977,16
1925,9
1907,44
1966,48
1931,48
1909,9
1997,57
1940,14
1999,48
1928,57
1910,12
1961,22
1961,10
1942,53
1953,52
1991,7
1996,47
1933,11
1961,7
1964,39
1905,20
1925,31
1975,29
1976,29
1928,48
1902,24
1922,33
1936,58
1918,10
1997,9
1927,34
1960,6
1938,36
1995,26
1905,51
1962,39
1908,56
1900,31
1907,10
1993,8
1998,34
1941,37
1933,50
1991,39
1963,11
1986,26
1957,60
1988,33
1960,10
1919,52
1957,43
1903,39
1957,35
1989,41
1955,21
1955,19
1984,19
1974,17
1966,55
1978,35
1901,49
1918,30
1975,6
1916,60
1996,21
1940,44
1932,39
1972,55
1967,25
1971,58
1965,34
1928,38
1953,28
1997,32
1954,51
1907,57
1909,22
1920,13
1924,41
1931,22
1958,60
1917,48
1936,59
1925,6
1939,21
1954,49
1927,51
1942,21
1904,20
1958,9
1973,10
1952,28
1944,17
1964,18
1953,30
1959,13
1966,13
1913,32
1936,10
1965,10
1928,32
1996,11
1914,59
1931,22
1995,23
1966,14
1959,22
1975,41
1914,49
1993,33
1912,16
1966,55
1940,11
1954,37
1944,59
1952,10
1961,54
1971,23
1919,16
1909,33
1963,15
1965,39
1958,18
1967,42
1928,36
1930,25
1944,43
1947,16
1902,55
1919,36
1907,52
1961,49
1972,46
1985,13
1961,11
1962,30
1934,7
1958,56
1997,33
1913,34
1992,13
1930,57
1980,27
1903,8
1920,28
1973,46
1990,10
1944,55
1906,40
1941,56
1933,40
1958,18
1976,53
1928,58
1935,28
1945,56
1923,46
1950,42
1971,31
1995,45
1934,39
1985,47
1903,10
1990,32
1928,14
1925,23
1949,40
1975,7
1937,41
1910,5
1936,24
1910,17
1921,23
1960,26
1928,10
1907,59
1988,18
1991,48
1953,26
1982,30
1949,41
1968,8
1954,7
1919,35
1954,27
1966,6
1924,54
1910,28
1913,48
1994,51
1932,37
1941,47
1991,10
1986,8
1952,19
1914,12
1948,46
1999,20
1982,14
1944,21
1979,39
1938,60
1943,9
1995,53
1973,17
1993,47
1996,31
1922,42
1913,13
1907,28
1974,29
1926,54
1934,5
1970,50
1914,46
1936,10
1993,34
1953,28
1943,38
1973,54
1934,20
1937,25
1989,58
1931,30
1973,60
1950,58
1945,18
1948,31
1974,53
1976,9
1956,21
1934,9
1990,44
1922,28
1922,30
1999,6
1962,49
1944,11
1937,33
1931,27
1954,16
1909,48
1961,9
1913,42
1953,45
1903,42
1990,44
1907,41
1959,8
1997,11
1966,16
1926,6
1958,16
1964,10
1945,14
1998,33
1921,41
1984,33
1966,59
1968,33
1973,14
1927,5
1943,31
1948,32
1947,24
1971,29
1961,60
1955,45
1921,20
1956,51
1949,60
1937,59
1936,13
1932,27
1916,26
1957,15
1971,20
1917,25
1944,36
1972,48
1901,57
1963,35
1941,31
1934,43
1984,12
1989,34
1971,56
1925,43
1967,26
1983,43
1990,26
1906,5
1951,21
1968,54
1919,35
1989,10
1909,17
1939,25
1922,53
1966,54
1958,59
1996,43
1938,31
1937,38
1913,21
1993,7
1985,36
1910,14
1917,13
1993,58
1918,48
1956,32
1902,35
1954,56
1907,59
1933,23
1929,16
1957,55
1974,22
1971,9
1961,41
1921,23
1998,14
1935,45
1914,24
1999,43
1990,25
1921,52
1974,37
1941,9
1919,15
1953,59
1983,58
1918,36
1919,28
1948,28
1930,51
1923,10
1918,28
1946,11
1976,8
1936,56
1967,56
1968,43
1987,34
1952,15
1936,36
1973,7
1952,38
1954,8
1932,52
1922,51
1976,51
1938,56
1997,20
1910,52
1984,17
1948,29
1916,27
1979,33
1916,39
1904,26
1920,44
1920,54
1923,56
1994,31
1951,39
1938,40
1927,25
1922,7
1927,53
1911,41
1924,34
1955,11
1949,39
1910,33
1966,32
1955,31
1939,10
1955,5
1985,34
1930,5
1985,24
1942,52
1912,5
1993,25
1993,23
1922,16
1947,8
1993,25
1946,44
1909,28
1919,38
1982,5
1987,37
1937,49
1976,33
1925,12
1903,47
1945,12
1948,51
1900,37
1911,32
1986,36
1904,26
1974,34
1948,53
1925,41
1996,9
1989,60
1940,13
1939,55
1908,36
1953,14
1958,21
1979,32
1908,6
1907,24
1971,40
1981,27
1957,29
1937,36
1948,32
1995,41
1925,33
1957,15
1956,14
1986,60
1933,33
1974,20
1926,44
1902,60
1955,57
1962,41
1965,40
1929,21
1983,35
1981,6
1952,38
1901,37
1919,47
1960,31
1944,19
1928,54
1935,11
1953,28
1929,31
1965,38
1941,48
1932,28
1959,38
1922,41
1912,33
1936,23
1944,27
1948,8
1973,20
1945,29
1905,49
1903,51
1903,20
1943,30
1988,16
1907,12
1919,5
1979,49
1925,20
1915,49
1910,48
1932,21
1906,23
1967,9
1993,17
1925,11
1975,41
1945,8
1979,12
1932,14
1941,21
1905,51
1972,18
1946,50
1955,52
1924,17
1949,8
1968,22
1934,7
1917,39
1990,38
1978,51
1925,26
1947,45
1958,13
1936,52
1998,7
1973,43
1982,12
1982,20
1968,34
1906,35
1906,32
1938,18
1956,40
1942,50
1958,16
1917,34
1999,17
1908,8
1936,40
1947,11
1939,31
1941,30
1908,15
1909,29
1944,55
1931,41
1924,52
1975,53
1996,13
1979,33
1968,8
1981,17
1985,48
1940,42
1998,19
1981,33
1977,32
1955,42
1978,17
1955,33
1957,5
1927,54
1919,19
1947,17
1964,21
1966,36
1979,19
1983,56
1932,14
1905,27
1948,41
1918,29
1900,17
1961,21
1940,14
1998,35
1988,41
1950,7
1929,51
1934,31
1907,10
1959,22
1992,55
1921,42
1946,30
1908,31
1961,9
1951,24
1942,35
1925,41
1993,33
1982,8
1992,52
1916,9
1986,46
1982,42
1955,11
1988,21
1965,26
1915,6
1914,32
1991,31
1977,10
1931,33
1947,16
1950,57
1906,44
1900,60
1934,37
1937,5
1983,26
1987,15
1937,42
1968,6
1971,56
1939,51
1987,13
1917,37
1973,57
1956,11
1977,11
1970,38
1927,18
1963,36
1985,46
1952,40
1986,18
1954,22
1950,42
1989,24
1963,37
1943,8
1997,36
1989,44
1991,41
1912,30
1954,12
1967,34
1949,39
1936,15
1962,47
1963,49
1947,26
1957,17
1906,18
1918,12
1911,18
1951,22
1932,8
1994,32
1910,10
1922,40
1973,39
1980,15
1964,27
1984,17
1964,36
1936,7
1942,13
1947,26
1998,45
1953,33
1981,50
1958,42
1970,44
1907,32
1914,45
1914,56
1910,30
1918,35
1912,14
1911,27
1980,22
1978,24
1941,46
1979,21
1923,58
1925,5
1989,37
1926,34
1990,23
1903,50
1991,15
1917,6
1999,26
1985,48
1919,15
1949,20
1978,12
1975,10
1955,14
1989,45
1904,36
1974,45
1932,23
1911,45
1946,31
1953,27
1957,37
1999,44
1914,19
1909,37
1930,29
1956,6
1993,43
1978,56
1970,39
1966,18
1924,47
1915,9
1927,23
1927,45
1949,9
1965,51
1986,27
1951,20
1994,43
1923,33
1927,17
1937,35
1916,51
1919,30
1968,38
1920,60
1982,17
1924,47
1917,19
1961,8
1998,28
1900,25
1908,47
1999,48
1996,39
1987,10
1940,37
1973,42
1941,21
1979,14
1905,57
1981,28
1952,20
1927,33
1977,30
1919,51
1972,6
1987,40
1943,31
1903,42
1964,49
1930,25
1988,38
1907,11
1932,15
1981,54
1907,51
1938,44
1925,58
1959,30
1914,30
1979,11
1955,19
1997,8
1968,25
1916,28
1919,33
1968,15
1992,19
1945,11
1963,29
1958,15
1920,15
1924,19
1944,13
1912,33
1903,18
1941,34
1940,35
1984,16
1982,21
1967,45
1959,19
1957,6
1995,18
1919,43
1961,26
1919,37
1917,30
1902,56
1903,28
1954,32
1935,31
1947,43
1923,40
1967,23
1966,58
1966,47
1980,31
1908,10
1955,37
1998,28
1994,23
1962,33
1970,13
1934,12
1917,29
1966,49
1902,58
1961,18
1970,60
1904,7
1970,40
1909,8
1979,57
1914,16
1983,38
1910,33
1953,19
1934,57
1958,49
1948,21
1933,15
1990,9
1998,38
1909,9
1943,43
1933,38
1904,47
1943,48
1987,50
1937,8
1933,24
1947,45
1943,21
1963,28
1903,37
1946,23
1983,21
1924,52
1967,17
1911,24
1968,11
1981,58
1904,22
1941,20
1912,44
1936,43
1920,19
1916,29
1965,25
1925,40
1975,21
1973,53
1929,33
1923,55
1993,34
1938,38
1915,24
1972,45
1956,6
1927,15
1979,57
1960,27
1934,18
1920,5
1940,36
1900,49
1976,53
1940,47
1952,9
1990,47
1982,40
1914,34
1927,29
1996,16
1952,34
1961,54
1977,30
1984,22
1974,12
1912,6
1902,35
1962,15
1976,39
1903,31
1900,44
1909,59
1947,19
1929,24
1973,6
1942,9
1978,58
1930,17
1960,14
1930,60
1939,37
1919,29
1984,57
1977,38
1968,38
1966,25
1991,41
1946,8
1969,6
1907,41
1962,54
1996,36
1965,36
1980,17
1994,15
1911,39
1972,17
1937,54
1980,32
1993,6
1901,39
1994,10
1970,33
1933,6
1962,60
1972,27
1952,39
1959,35
1981,30
1900,11
1951,46
1985,12
1981,19
1919,49
1988,19
1946,45
1929,11
1954,20
1903,23
1963,51
1979,32
1995,11
1971,53
1969,41
1940,32
1986,49
1927,33
1916,53
1956,57
1961,17
1969,32
1961,43
1942,26
1946,31
1949,38
1981,51
1999,27
1942,21
1966,37
1902,25
1995,12
1933,53
1975,24
1906,15
1972,42
1955,13
1966,48
1938,55
1912,33
1943,34
1926,21
1950,48
1953,59
1973,24
1938,53
1964,30
1961,47
1903,60
1923,37
1910,6
1975,50
1958,13
1962,6
1985,29
1926,21
1993,25
1986,14
1914,29
1961,59
1939,59
1955,58
1934,56
1974,6
1916,49
1979,54
1956,9
1954,41
1913,47
1931,43
1909,16
1930,14
1936,48
1932,14
1951,42
1955,23
1929,23
1971,19
1905,15
1963,6
1947,60
1912,58
1900,38
1907,52
1910,14
1957,28
1965,45
1913,25
1929,39
1930,48
1971,56
1908,12
1919,37
1902,37
1967,47
1909,27
1907,8
1980,34
1965,21
1901,25
1947,48
1972,27
1902,18
1902,52
1988,53
1973,52
1907,35
1920,10
1911,19
1906,39
1981,28
1949,33
1991,47
1948,24
1977,33
1909,18
1913,27
1993,10
1962,46
1953,35
1954,48
1916,49
1916,11
1974,52
1901,56
1953,43
1935,41
1962,39
1972,47
1908,38
1986,34
1999,51
1908,23
1988,17
1955,17
1925,34
1940,38
1964,5
1930,20
1954,10
1942,55
1991,25
1966,49
1996,45
1927,38
1970,14
1905,56
1990,12
1993,42
1977,15
1993,53
1910,33
1920,39
1913,19
1940,56
1951,15
1946,46
1988,28
1971,25
1943,28
1956,15
1971,31
1926,52
1981,42
1995,51
1950,54
1912,13
1974,52
1935,17
1923,24
1939,28
1989,55
1924,50
1988,30
1907,9
1948,27
1999,36
1958,13
1945,20
1957,30
1970,26
1998,13
1904,53
1963,30
1931,47
1982,20
1927,37
1999,48
1995,19
1904,12
1902,32
1923,53
1966,16
1989,25
1960,57
1933,44
1947,56
1981,55
1926,18
1925,53
1946,8
1995,32
1941,50
1921,25
1972,56
1923,18
1905,29
1909,31
1932,52
1946,44
1996,20
1973,47
1993,57
1906,19
1964,48
1920,6
1963,5
1953,23
1988,59
1944,24
1986,21
1957,52
1911,23
1942,25
1907,11
1956,42
1992,10
1949,29
1922,30
1964,52
1921,10
1914,35
1914,36
1988,33
1943,39
1910,58
1937,29
1944,55
1944,34
1966,42
1999,40
1949,26
1902,29
1968,6
1909,42
1921,40
1980,5
1900,6
1967,7
1964,16
1912,7
1948,14
1923,49
1979,44
1924,39
1988,53
1972,49
1952,34
1962,52
1932,16
1903,38
1954,59
1905,20
1901,37
1919,45
1949,11
1947,24
1964,33
1965,17
1977,5
1983,26
1913,8
1952,44
1912,11
1934,47
1967,53
1944,24
1961,34
1970,38
1998,21
1986,16
1911,51
1998,29
1909,27
1980,25
1966,51
1973,41
1902,48
1982,29
1931,11
1937,20
1910,33
1951,16
1939,31
1932,53
1906,56
1992,6
1979,46
1908,29
1913,10
1974,48
1924,38
1948,7
1962,44
1929,8
1971,60
1987,30
1945,47
1988,15
1945,14
1915,34
1917,56
1922,59
1921,42
1908,10
1905,60
1988,53
1943,15
1924,28
1953,47
1978,18
1990,36
1912,21
1957,15
1969,33
1934,5
1911,25
1913,6
1992,13
1978,59
1945,37
1976,11
1957,42
1994,14
1993,9
1937,12
1952,54
1984,6
1988,41
1930,42
1992,29
1938,59
1901,57
1973,59
1965,45
1928,30
1987,50
1907,8
1902,40
1936,15
1993,22
1922,46
1974,21
1973,51
1908,8
1929,17
1991,23
1984,58
1968,39
1928,25
1901,23
1964,44
1914,28
1968,13
1990,25
1901,52
1913,44
1965,54
1926,10
1953,60
1983,27
1941,53
1933,10
1972,28
1935,35
1970,44
1963,17
1992,55
1911,10
1948,22
1988,49
1978,7
1900,46
1914,34
1937,21
1934,54
1992,12
1943,25
1976,29
1994,38
1940,52
1956,49
1992,25
1978,14
1946,8
1945,5
1926,29
1973,27
1958,36
1980,52
1969,30
1932,7
1910,33
1958,23
1948,38
1970,51
1937,29
1917,53
1975,51
1955,34
1917,29
1974,16
1927,38
1918,49
1925,32
1921,14
1969,51
1927,39
1914,42
1908,51
1930,28
1986,59
1965,53
1993,35
1996,59
1995,7
1920,56
1991,31
1975,43
1960,20
1952,54
1963,9
1956,31
1999,38
1965,35
1991,12
1909,50
1963,36
1914,27
1908,34
1972,22
1933,37
1993,14
1974,57
1912,44
1916,27
1979,21
1920,26
1926,60
1917,9
1983,46
1915,6
1928,5
1936,27
1922,53
1948,11
1932,22
1955,6
1932,14
1991,30
1969,49
1933,49
1983,22
1956,7
1933,23
1901,39
1987,12
1977,53
1955,39
1986,60
1960,42
1973,11
1977,52
1928,49
1933,11
1916,59
1998,36
1911,50
1948,31
1979,5
1946,42
1962,28
1925,34
1942,34
1930,59
1900,27
1929,22
1979,21
1915,54
1940,7
1979,7
1903,48
1905,60
1951,33
1929,41
1976,36
1928,13
1933,51
1916,7
1932,57
1903,51
1932,30
1927,10
1927,6
1961,49
1951,26
1939,7
1973,47
1970,16
1943,33
1971,36
1927,36
1929,26
1982,39
1919,27
1986,35
1960,8
1924,23
1924,14
1949,60
1925,16
1947,26
1922,23
1930,48
1967,5
1993,44
1987,53
1968,23
1910,6
1919,37
1957,58
1932,54
1988,33
1902,30
1983,9
1956,19
1962,19
1933,31
1982,9
1977,33
1968,32
1984,20
1935,26
1961,6
1939,58
1953,13
1954,32
1912,10
1929,53
1970,41
1980,59
1930,60
1964,27
1999,34
1922,48
1985,17
1993,7
1929,55
1934,49
1900,5
1911,28
1968,33
1989,50
1921,55
1903,13
1930,35
1993,50
1960,55
1996,26
1971,13
1952,6
1939,53
1939,16
1981,24
1966,30
1988,23
1951,54
1966,41
1968,5
1929,47
1974,45
1938,47
1985,12
1954,56
1980,30
1941,43
1927,25
1920,48
1909,23
1965,40
1940,40
1942,32
1973,39
1998,13
1967,48
1972,23
1959,39
1985,37
1962,48
1982,54
1974,56
1999,29
1957,42
1968,45
1984,21
1974,42
1949,46
1900,31
1900,23
1973,37
1961,11
1916,36
1913,11
1957,16
1960,47
1904,49
1939,40
1933,13
1983,56
1932,8
1970,45
1922,55
1926,20
1946,19
1942,54
1904,36
1937,8
1988,10
1955,31
1971,36
1992,35
1917,37
1937,51
1917,18
1961,42
1942,26
1904,51
1902,20
1970,45
1924,10
1976,14
1980,15
1921,33
1978,7
1938,43
1931,52
1988,12
1966,46
1911,19
1928,26
1973,28
1927,32
1992,5
1950,45
1912,56
1935,11
1977,41
1912,51
1926,46
1963,7
1902,14
1987,29
1973,56
1967,51
1929,46
1954,52
1974,28
1917,43
1939,30
1909,7
1959,25
1929,15
1922,39
1986,11
1916,58
1934,36
1905,18
1941,43
1931,24
1987,38
1932,48
1972,50
1901,48
1969,31
1963,9
1979,58
1938,43
1944,15
1928,13
1960,42
1922,41
1984,35
1942,20
1981,47
1956,40
1954,46
1909,46
1967,57
1987,43
1972,50
1996,26
1937,57
1921,32
1938,17
1975,22
1936,46
1987,11
1903,46
1986,10
1978,25
1967,57
1948,49
1942,35
1986,54
1962,43
1974,20
1965,41
1933,49
1909,11
1975,23
1953,33
1978,53
1956,35
1953,20
1961,29
1980,40
1964,53
1902,39
1949,21
1915,14
1914,54
1962,47
1957,12
1932,56
1969,28
1910,36
1909,30
1949,16
1957,21
1987,33
1949,18
1929,25
1947,50
1968,16
1972,39
1946,57
1947,46
1906,10
1906,22
1999,22
1982,22
1959,13
1958,28
1933,33
1900,58
1949,26
1913,21
1939,41
1998,34
1964,24
1934,58
1923,23
1933,11
1905,42
1928,35
1908,49
1931,18
1993,24
1988,53
1928,11
1948,50
1977,17
1978,35
1988,50
1977,32
1960,46
1981,8
1966,14
1901,37
1972,20
1906,16
1950,34
1903,26
1981,17
1939,36
1938,27
1977,38
1901,28
1900,44
1957,60
1914,52
1965,32
1958,7
1985,20
1907,29
1915,5
1968,42
1984,29
1905,23
1965,49
1921,47
1954,41
1926,51
1979,35
1922,26
1931,27
1975,60
1919,57
1931,45
1905,30
1934,37
1958,34
1961,28
1988,9
1919,10
1928,6
1971,14
1952,27
1927,48
1975,31
1904,60
1995,23
1926,25
1925,31
1926,39
1935,43
1970,13
1939,60
1905,8
1978,16
1969,45
1903,29
1990,32
1901,19
1934,16
1947,50
1947,47
1972,45
1943,14
1937,25
1953,54
1982,24
1956,33
1937,30
1932,58
1978,37
1974,49
1969,19
1922,11
1982,40
1996,41
1900,11
1906,46
1911,33
1980,29
1936,35
1907,35
1948,55
1900,59
1987,30
1980,57
1930,22
1987,55
1989,48
1924,58
1990,38
1958,57
1945,43
1974,30
1987,36
1929,59
1906,24
1921,48
1939,35
1989,55
1971,54
1936,49
1935,45
1981,13
1907,53
1914,26
1956,49
1929,40
1909,28
1928,39
1924,38
1925,47
1943,37
1968,38
1993,53
1928,46
1955,5
1913,52
1953,20
1941,17
1992,59
1944,41
1914,44
1970,36
1927,22
1967,60
1928,53
1998,48
1918,14
1986,16
1922,28
1995,14
1917,40
1961,48
1922,25
1908,16
1979,42
1938,18
1975,37
1943,46
1986,20
1999,35
1965,46
1900,24
1976,55
1910,44
1984,29
1932,17
1963,35
1927,35
1931,6
1945,27
1954,30
1916,14
1941,9
1977,33
1936,21
1956,26
1936,10
1986,53
1978,11
1943,55
1904,33
1960,37
1906,13
1938,14
1948,52
1931,41
1977,6
1931,9
1932,54
1953,37
1988,54
1976,50
1971,38
1908,14
1905,21
1934,42
1905,47
1936,31
1975,39
1960,50
1912,47
1930,41
1976,55
1996,42
1935,32
1918,35
1912,34
1907,59
1986,30
1946,42
1945,25
1926,23
1920,12
1930,56
1948,44
1999,45
1916,30
1940,12
1923,10
1977,28
1959,35
1902,55
1950,21
1919,41
1988,46
1958,30
1912,9
1960,9
1933,9
1998,7
1910,44
1932,30
1997,17
1968,17
1974,25
1922,34
1926,24
1911,39
1938,30
1998,25
1984,38
1991,53
1938,40
1906,24
1948,26
1978,6
1997,22
1957,18
1959,24
1954,50
1993,26
1993,30
1948,31
1954,54
1976,32
1928,12
1981,51
1901,22
1994,6
1979,39
1936,10
1957,43
1968,35
1928,31
1964,32
1948,19
1935,55
1952,12
1941,16
1911,25
1973,49
1908,50
1969,29
1957,6
1975,20
1942,47
1965,45
1924,17
1971,39
1985,10
1901,46
1976,8
1951,6
1988,38
1988,22
1966,39
1925,49
1937,10
1975,16
1971,26
1968,21
1986,46
1973,15
1901,16
1931,59
1922,33
1961,5
1972,13
1912,60
1961,42
1942,57
1937,36
1971,45
1963,18
1946,36
1939,52
1915,56
1901,12
1928,19
1901,50
1988,41
1928,21
1970,56
1919,8
1983,31
1995,5
1951,30
1919,33
1900,17
1918,47
1967,29
1931,44
1986,46
1974,35
1989,42
1937,36
1909,51
1944,36
1984,30
1929,28
1973,44
1903,36
1938,12
1986,20
1981,33
1998,26
1953,15
1993,59
1935,54
1947,45
1963,23
1968,37
1993,19
1991,55
1909,60
1990,28
1952,18
1959,17
1993,54
1998,29
1934,20
1939,34
1952,7
1920,50
1930,34
1964,23
1980,36
1937,45
1980,15
1993,54
1959,57
1938,11
1930,48
1979,30
1990,21
1926,38
1982,22
1936,40
1902,44
1948,44
1955,40
1928,38
1952,49
1919,13
1919,53
1943,28
1984,36
1920,21
1931,10
1988,16
1994,54
1960,20
1919,15
1922,26
1947,32
1918,60
1902,40
1991,23
1981,20
1973,33
1948,44
1974,52
1983,11
1951,48
1931,36
1908,42
1965,49
1938,43
1930,14
1989,39
1937,6
1931,16
1961,52
1978,34
1935,31
1910,31
1986,44
1998,17
1910,18
1937,31
1998,35
1954,19
1931,8
1917,37
1903,34
1937,52
1923,46
1996,20
1979,31
1949,23
1974,5
1977,60
1990,50
1907,49
1943,55
1958,36
1909,49
1916,22
1945,35
1973,28
1907,38
1938,9
1963,27
1990,39
1986,37
1941,6
1937,37
1984,9
1931,12
1931,36
1923,49
1957,27
1958,23
1980,17
1907,44
1903,23
1992,56
1933,44
1955,13
1959,45
1902,32
1910,24
1928,47
1951,5
1916,59
1949,5
1964,42
1908,27
1999,34
1911,20
1910,26
1912,22
1921,26
1999,59
1906,40
1955,51
1988,50
1960,52
1980,15
1953,22
1953,8
1933,32
1935,53
1997,17
1985,14
1972,44
1914,25
1906,40
1995,7
1904,27
1943,20
1907,9
1902,57
1930,24
1990,17
1909,26
1964,22
1994,6
1921,21
1911,5
1931,12
1934,19
1967,15
1973,15
1996,44
1957,15
1981,21
1955,21
1917,55
1993,22
1976,38
1946,28
1959,22
1992,37
1982,58
1988,53
1949,30
1976,45
1923,42
1921,23
1932,40
1906,19
1984,28
1952,24
1929,59
1924,34
1957,21
1966,45
1999,47
1942,17
1938,55
1973,6
1929,5
1982,45
1964,49
1968,14
1961,35
1969,20
1919,58
1988,43
1926,47
1945,56
1970,29
1977,23
1942,37
1966,43
1942,55
1961,11
1956,10
1934,54
1947,16
1944,15
1978,7
1949,58
1960,51
1959,33
1959,37
1999,59
1975,8
1936,58
1969,52
1940,59
1991,48
1951,14
1969,42
1971,11
1940,57
1991,14
1901,7
1931,51
1929,16
1919,6
1930,21
1947,44
1970,41
1935,40
1943,21
1929,53
1958,37
1938,50
1912,52
1969,23
1940,24
1928,19
1961,58
1965,57
1970,7
1914,36
1923,8
1996,46
1969,43
1971,24
1960,58
1971,23
1990,21
1935,12
1974,59
1982,58
1983,22
1950,54
1974,45
1906,20
1996,54
1962,38
1974,10
1984,17
1956,54
1920,18
1920,59
1964,17
1976,53
1907,41
1981,13
1959,27
1994,16
1999,47
1916,19
1959,37
1925,7
1918,49
1901,53
1906,24
1904,35
1934,29
1908,45
1994,25
1923,38
1986,44
1930,18
1967,55
1975,17
1963,7
1981,6
1975,9
1927,38
1908,10
1913,55
1903,23
1928,56
1977,23
1983,29
1915,48
1971,5
1975,12
1951,48
1994,35
1994,46
1912,23
1937,17
1984,24
1943,47
1973,11
1901,48
1975,51
1901,49
1965,22
1961,12
1913,11
1997,47
1960,53
1916,41
1928,8
1982,37
1925,24
1962,53
1934,51
1903,7
1943,25
1954,51
1969,34
1922,47
1907,60
1969,33
1965,56
1938,29
1926,19
1911,25
1964,14
1914,9
1969,33
1959,12
1969,58
1970,49
1950,23
1945,10
1993,18
1911,41
1986,25
1909,9
1923,27
1930,23
1977,23
1914,44
1975,9
1998,22
1902,5
1980,28
1988,40
1919,12
1924,14
1996,33
1927,14
1999,6
1989,35
1910,41
1997,39
1961,37
1936,15
1921,57
1918,51
1975,20
1992,7
1922,42
1954,60
1985,9
1983,54
1994,11
1931,21
1967,34
1976,47
1995,8
1926,33
1969,20
1936,14
1988,46
1995,50
1923,51
1976,60
1907,5
1986,26
1926,29
1965,10
1919,49
1948,13
1959,24
1909,41
1903,50
1943,57
1966,13
1974,37
1977,39
1925,36
1971,7
1993,5
1993,15
1984,49
1923,43
1903,57
1951,29
1963,31
1993,14
1961,46
1921,19
1910,38
1973,28
1951,56
1996,23
1937,24
1906,43
1982,36
1965,59
1932,29
1950,31
1954,37
1959,5
1935,45
1902,57
1971,21
1935,55
1979,19
1943,27
1982,21
1907,14
1905,9
1954,47
1924,60
1937,14
1956,46
1904,13
1944,58
1993,30
1941,45
1995,53
1933,34
1974,31
1933,43
1995,8
1950,28
1969,43
1980,46
1927,59
1965,16
1972,27
1976,59
1954,57
1983,48
1998,33
1921,21
1988,6
1965,12
1966,35
1937,31
1984,8
1977,13
1930,59
1962,52
1959,20
1985,9
1979,14
1979,15
1956,32
1929,11
1942,58
1992,56
1908,28
1923,27
1909,50
1908,49
1944,47
1947,58
1941,14
1906,30
1993,9
1919,56
1950,53
1933,49
1992,59
1989,17
1922,51
1973,36
1961,6
1905,35
1968,41
1994,39
1928,33
1965,42
1900,28
1946,59
1987,38
1939,57
1952,20
1959,37
1954,55
1972,48
1935,28
1931,20
1948,38
1992,30
1952,27
1960,52
1974,59
1902,44
1965,26
1993,8
1984,30
1933,59
1934,24
1977,40
1996,43
1974,19
1940,20
1905,20
1996,25
1990,55
1953,41
1920,30
1964,37
1986,34
1952,8
1940,35
1956,29
1927,23
1908,17
1910,7
1959,55
1996,6
1971,56
1939,14
1901,11
1919,53
1937,25
1983,26
1949,5
1981,7
1972,51
1950,7
1980,8
1996,6
1961,15
1963,47
1908,59
1997,35
1905,46
1952,51
1907,28
1919,47
1979,41
1956,41
1954,47
1900,12
1963,50
1963,32
1933,21
1947,10
1949,10
1961,24
1984,8
1960,16
1902,36
1970,15
1998,28
1922,5
1916,52
1939,51
1976,11
1939,49
1960,26
1919,39
1990,17
1922,41
1937,17
1929,41
1989,51
1962,25
1958,26
1993,27
1938,19
1949,5
1913,12
1972,5
1933,5
1939,51
1979,48
1955,54
1977,23
1936,44
1949,39
1918,30
1960,47
1947,27
1974,31
1941,8
1985,37
1951,34
1933,28
1997,47
1976,36
1978,15
1955,21
1929,52
1934,41
1982,38
1973,36
1959,8
1954,57
1943,36
1971,41
1965,44
1927,15
1934,12
1922,36
1947,29
1989,33
1911,12
1900,57
1984,36
1986,31
1977,20
1955,36
1978,11
1920,46
1919,9
1980,34
1906,50
1977,52
1951,12
1992,37
1957,14
1953,8
1934,5
1908,26
1970,39
1914,59
1973,30
1921,6
1948,11
1967,50
1954,13
1970,52
1909,20
1992,8
1978,34
1974,20
1924,20
1948,27
1955,60
1901,9
1906,60
1976,58
1976,45
1983,25
1997,12
1977,56
1923,60
1902,19
1978,58
1980,58
1957,21
1957,11
1947,58
1969,55
1971,39
1907,43
1928,17
1986,49
1921,15
1913,46
1977,29
1903,26
1962,7
1968,33
1932,19
1935,13
1928,54
1901,51
1967,12
1962,7
1939,45
1919,22
1916,10
1930,52
1981,32
1902,14
1927,15
1936,60
1992,48
1991,27
1959,56
1955,20
1938,16
1946,7
1945,57
1940,40
1963,32
1964,25
1925,38
1918,40
1983,49
1927,23
1979,27
1985,39
1925,47
1985,5
1935,9
1944,56
1988,49
1993,56
1944,47
1941,39
1979,16
1980,21
1998,47
1973,12
1984,42
1943,53
1983,23
1946,6
1998,28
1908,17
1986,17
1918,6
1947,27
1966,45
1998,45
1911,9
1911,13
1956,45
1975,7
1940,20
1947,53
1929,15
1905,51
1922,10
1924,43
1973,41
1974,34
1959,7
1929,36
1983,11
1916,52
1936,48
1904,31
1949,39
1928,56
1906,21
1995,17
1943,56
1990,34
1963,21
1904,28
1951,42
1907,35
1932,22
1971,59
1972,17
1979,54
1940,30
1947,58
1985,37
1925,55
1923,36
1900,7
1989,22
1903,13
1916,16
1920,6
1961,59
1949,49
1907,53
1951,10
1940,50
1946,17
1914,36
1967,10
1920,43
1902,47
1978,40
1982,20
1969,50
1945,8
1921,22
1980,55
1938,39
1960,55
1912,46
1957,11
1978,50
1961,46
1923,16
1960,13
1964,32
1924,25
1994,11
1901,21
1947,31
1989,10
1976,54
1988,14
1947,14
1907,20
1955,34
1959,41
1971,18
1913,52
1937,7
1987,15
1970,9
1990,14
1974,46
1917,46
1994,49
1980,50
1932,52
1953,15
1901,56
1902,39
1961,32
1945,31
1990,57
1965,39
1951,20
1979,36
1944,19
1925,13
1987,7
1988,53
1948,34
1954,25
1925,15
1984,43
1985,12
1948,60
1906,58
1922,20
1919,44
1912,35
1925,35
1919,31
1913,5
1938,57
1906,46
1980,49
1964,7
1950,28
1939,48
1919,48
1977,55
1904,25
1935,57
1928,43
1903,58
1950,52
1966,36
1917,41
1902,14
1966,8
1972,31
1923,16
1915,33
1974,38
1911,31
1987,27
1955,16
1987,24
1924,35
1942,20
1912,57
1933,27
1990,57
1979,58
1988,16
1969,44
1973,39
1934,6
1955,46
1983,21
1927,5
1938,5
1990,44
1907,49
1957,22
1979,57
1909,36
1902,58
1952,6
1938,6
1999,13
1901,15
1910,17
1921,34
1900,60
1989,6
1998,38
1978,59
1993,50
1986,14
1926,13
1905,6
1939,58
1927,53
1971,10
1991,35
1987,28
1952,32
1929,43
1914,20
1945,30
1979,6
1986,39
1910,44
1967,55
1993,35
1989,40
1953,23
1961,56
1939,14
1903,44
1923,40
1998,9
1990,16
1964,48
1977,20
1963,55
1951,39
1913,14
1954,27
1904,16
1972,9
1973,42
1923,40
1955,57
1946,60
1970,38
1995,39
1902,9
1920,46
1954,44
1909,22
1927,12
1943,60
1987,12
1908,19
1957,30
1954,25
1974,55
1943,18
1980,47
1973,43
1912,9
1979,8
1925,54
1903,34
1905,56
1907,9
1979,43
1960,18
1936,58
1987,23
1955,30
1984,59
1932,59
1944,38
1970,10
1907,22
1939,49
1983,25
1913,29
1969,34
1928,14
1997,29
1951,57
1915,44
1936,23
1925,30
1904,32
1932,22
1999,14
1996,20
1922,48
1915,54
1931,17
1939,17
1900,9
1904,10
1937,12
1954,15
1983,12
1926,45
1992,18
1909,8
1971,7
1956,49
1966,52
1964,26
1964,22
1947,38
1933,10
1970,16
1937,8
1937,6
1980,54
1971,22
1955,15
1906,43
1903,44
1942,30
1949,18
1998,59
1943,45
1959,21
1942,10
1977,49
1947,34
1949,31
1931,58
1919,15
1956,30
1923,10
1978,5
1925,32
1918,23
1995,32
1968,52
1943,13
1922,29
1981,43
1905,47
1995,32
1996,36
1953,5
1959,33
1905,28
1978,54
1974,16
1942,15
1989,14
1960,48
1954,9
1954,18
1908,9
1957,51
1959,13
1934,48
1942,52
1931,46
1920,52
1918,50
1965,55
1947,18
1954,35
1988,49
1967,21
1910,12
1985,52
1925,6
1966,20
1978,55
1983,33
1902,59
1906,6
1976,39
1960,29
1922,38
1954,21
1942,23
1924,6
1988,12
1921,38
1944,37
1985,20
1983,6
1987,45
1929,56
1969,21
1983,7
1967,57
1908,47
1966,43
1990,42
1952,20
1955,35
1937,58
1958,13
1984,50
1904,35
1923,14
1990,36
1967,35
1998,39
1920,16
1968,59
1945,31
1976,39
1911,20
1963,12
1967,28
1917,53
1928,60
1941,50
1926,47
1985,33
1919,52
1946,46
1996,40
1947,18
1959,41
1969,11
1985,16
1922,11
1915,59
1930,57
1964,33
1901,35
1953,13
1958,43
1950,42
1921,37
1943,8
1936,39
1901,7
1902,22
1997,36
1969,30
1968,57
1924,36
1965,44
1931,28
1965,52
1980,38
1958,28
1941,33
1959,22
1921,20
1961,6
1985,15
1972,28
1912,48
1933,58
1967,24
1905,35
1935,30
1916,23
1985,46
1976,28
1928,36
1985,59
1944,59
1934,27
1914,5
1916,50
1921,31
1931,13
1902,17
1916,58
1933,25
1954,10
1991,55
1906,5
1940,13
1944,38
1977,12
1952,36
1979,30
1948,49
1916,59
1940,32
1970,48
1976,18
1983,55
1967,42
1907,50
1941,48
1992,33
1978,45
1937,44
1935,46
1938,43
1961,24
1975,50
1939,52
1967,27
1941,8
1992,29
1904,15
1937,23
1903,26
1929,55
1987,53
1969,28
1959,23
1941,19
1922,34
1906,38
1918,38
1908,39
1931,29
1956,46
1986,47
1974,17
1982,53
1908,19
1957,32
1999,42
1916,19
1964,43
1900,26
1967,16
1907,7
1918,52
1969,58
1977,7
1922,21
1993,44
1901,58
1938,5
1914,12
1905,60
1929,18
1986,53
1958,18
1957,35
1928,16
1917,46
1920,43
1905,22
1935,48
1992,20
1952,52
1940,52
1970,56
1969,59
1991,53
1976,39
1971,12
1975,43
1931,10
1902,58
1977,60
1960,12
1929,44
1902,17
1904,11
1952,25
1956,49
1933,60
1930,60
1941,14
1954,18
1941,54
1967,12
1993,36
1959,19
1985,19
1964,28
1939,57
1927,29
1986,35
1909,57
1961,31
1913,28
1948,13
1943,21
1964,50
1958,11
1933,8
1933,39
1951,51
1967,50
1950,23
1989,37
1949,24
1943,58
1921,48
1914,30
1975,39
1939,30
1994,47
1950,7
1990,50
1907,36
1985,58
1971,32
1956,16
1974,59
1942,59
1932,39
1922,12
1920,7
1936,44
1954,18
1981,57
1984,36
1956,21
1948,28
1996,43
1902,43
1974,49
1906,10
1990,40
1921,32
1950,38
1996,25
1995,37
1973,20
1933,11
1932,19
1907,49
1964,8
1908,50
1963,22
1900,35
1924,48
1932,33
1972,6
1911,30
1937,47
1903,7
1955,38
1947,10
1911,51
1925,41
1914,6
1954,32
1992,5
1907,36
1938,18
1928,56
1930,29
1919,38
1982,36
1960,33
1906,17
1944,25
1941,28
1922,46
1906,19
1964,25
1943,25
1953,48
1982,10
1923,25
1935,50
1942,37
1944,19
1946,36
1936,15
1982,42
1992,9
1985,28
