1834,55
1036,60
1190,92
1951,36
1295,84
1351,117
1614,102
1777,67
1484,84
1771,61
1206,70
1635,45
1982,100
1156,46
1457,76
1061,123
1084,46
1365,104
1716,50
1278,92
1325,58
1588,50
1611,70
2007,73
2027,97
1769,32
1880,126
1512,86
2043,93
1387,54
2077,94
1375,117
1611,35
1550,92
1489,48
1056,46
2089,130
1471,115
2030,99
1587,105
1796,66
1507,84
1140,110
1729,59
1405,116
2025,78
1736,131
1521,107
1297,40
1566,127
1180,63
2001,50
1917,96
2022,116
1064,84
1931,64
1304,107
1003,110
1672,76
1819,116
1738,105
1162,116
1185,40
1526,111
1355,51
1761,106
1942,54
1634,32
1701,74
1717,70
1117,54
1998,131
1280,74
1657,80
1647,36
2002,40
1205,64
1647,53
1564,56
1067,94
1874,47
1429,36
1028,112
1113,125
1697,100
1447,110
1040,67
1857,63
1489,40
1452,80
1605,106
1267,95
1507,86
1116,61
1526,106
1885,121
1403,131
1322,70
1823,107
1630,35
1593,85
1770,85
1122,94
1650,36
2097,80
1218,129
1858,33
1533,94
1012,58
1212,43
1090,33
1805,76
1556,35
1340,54
1689,127
1880,65
1876,33
1911,50
1869,44
1340,96
2003,83
2019,116
1545,35
2044,121
1088,99
1082,54
1699,32
1396,37
1721,94
1259,114
2029,76
1774,38
2008,120
1146,72
1540,52
1481,122
1100,34
1500,47
1377,87
1390,76
1624,45
1802,123
1102,120
1783,80
1180,116
1722,51
1631,88
1003,87
1392,120
1289,33
1095,67
1657,88
2085,82
1380,39
1181,36
1694,70
1244,76
1425,100
1543,92
1776,33
1212,95
1648,84
1489,92
1146,59
1841,36
1111,115
1491,93
1010,130
1268,42
1975,55
1003,129
2000,100
1454,104
1094,62
2022,124
1525,96
1692,81
1300,112
1319,41
1268,98
1734,77
1456,70
1725,58
1739,32
2094,114
2015,84
1234,109
1643,103
1817,118
1186,46
1711,57
1632,52
1914,56
1910,106
1313,62
1100,47
1441,60
2081,63
2006,50
1462,57
1508,87
1278,98
1094,87
2025,106
1631,70
1495,79
1682,90
1552,107
1083,131
2012,43
1199,36
1187,113
1228,74
1420,89
1095,42
1224,72
1057,131
1243,97
1842,58
1737,96
2098,127
1222,90
1432,129
1244,55
1685,45
1940,56
1422,42
1028,108
1344,41
2008,101
1317,83
1999,89
1848,44
1697,108
1057,77
1815,70
1383,83
1024,56
1245,107
1453,127
1536,97
1494,96
1663,52
1406,78
1245,92
1766,101
1286,72
1788,77
1789,115
1312,119
1057,76
1659,100
1427,131
1377,70
2004,108
1410,96
1229,112
2082,62
1053,62
1374,68
2025,100
1520,118
1287,57
1810,104
1976,70
1364,92
2010,131
1083,96
1799,95
1041,117
1694,97
1183,61
1006,97
1027,45
1780,129
1075,39
1305,112
1557,79
1945,94
1862,124
1471,90
1625,105
1852,117
1485,41
1528,108
1709,90
2011,87
1411,73
1536,73
1628,76
1094,127
1302,55
1782,96
1342,40
2083,117
1109,124
1190,87
1884,115
1471,64
1108,56
1832,115
1067,124
1477,43
1256,119
1721,113
1432,87
1430,57
1759,125
1046,50
1891,109
2017,57
1847,79
1808,99
1387,38
1577,101
1480,103
1835,73
2027,109
1102,57
1308,116
1802,107
2057,61
1657,120
1098,69
1073,130
1818,37
1168,65
1582,124
1308,67
1683,94
1598,130
1941,48
1684,119
1433,89
2005,42
1766,38
1690,129
1649,127
1724,101
1385,117
1013,108
1949,118
1769,94
1656,50
1372,39
1668,117
1682,101
1532,120
1280,80
1068,48
1180,93
1333,95
1729,40
1074,120
1056,106
1689,126
1226,46
1660,39
2031,75
1377,48
1845,62
1982,108
1071,62
1146,79
1470,98
1663,129
1385,69
1334,112
1158,41
1016,64
1751,117
1919,92
1483,89
1573,125
1651,125
1653,105
2090,81
1437,129
1749,61
1144,86
2063,115
1666,91
1125,35
1731,32
1256,82
1623,84
1784,126
1378,101
1474,38
1506,125
1247,85
1719,131
1428,40
1754,120
1714,73
1924,37
1178,103
1231,92
1879,83
2014,104
1163,99
1396,44
1971,59
2046,106
1694,48
1186,78
2003,107
1303,42
1079,92
1779,126
1067,64
2050,108
1983,45
1081,76
1777,113
1510,125
1798,116
2058,58
1116,59
1424,112
1324,103
1400,54
1175,127
1138,96
1512,108
1440,96
1262,64
1375,79
1547,76
1068,61
1256,122
1312,112
1138,70
1074,130
1104,104
2012,48
1126,71
1649,85
1385,119
1759,100
1284,50
1864,129
1974,63
1911,72
1049,82
1941,120
1048,85
1135,84
1906,65
1091,101
1402,37
1256,123
1020,127
1804,104
1998,127
1407,91
1073,63
1840,84
1437,95
2093,57
1125,94
1405,64
1460,108
1746,70
1918,128
1784,79
1600,46
1636,65
2077,87
1585,73
1464,55
1315,112
1782,66
1267,125
1123,130
1535,59
2075,112
1009,119
1964,88
1960,86
1379,39
1878,39
1715,105
2072,111
1105,128
1142,128
1948,63
1360,32
1878,68
1133,53
1525,57
1527,38
1010,117
1619,119
1904,112
1330,77
1857,83
1606,125
1931,102
1959,101
1160,73
1156,110
1378,51
1021,74
1488,43
1335,82
2032,108
1281,81
1844,97
1219,128
1182,53
1291,113
1034,105
1166,101
1578,102
1201,112
1344,107
1691,77
1049,68
1842,59
1733,86
2046,80
2016,91
1903,131
1374,98
1447,121
1492,111
2091,59
1807,93
1599,41
1793,87
1915,65
1629,53
1849,103
1380,53
1607,127
1554,57
1374,38
1593,92
1021,114
1711,52
2028,124
1481,60
2010,37
1952,93
1558,49
1403,118
1154,122
1277,118
1663,35
1303,104
1309,123
2015,50
1178,62
1725,90
1154,114
1186,82
1194,110
1933,127
1569,43
1050,89
1881,32
1607,86
1677,36
1697,38
2082,93
1872,104
1345,112
1592,86
1107,127
2002,34
1017,81
1251,81
1583,102
1723,80
1998,86
1264,129
1917,118
2089,57
1640,129
1011,108
1883,88
1785,34
1370,69
1653,112
1532,91
1369,79
1340,119
1211,55
1940,87
1750,95
1785,80
1599,89
1490,58
1882,50
1141,40
1622,111
1870,89
1239,112
1529,77
1043,77
1145,95
1252,78
2084,114
1524,57
1390,95
1803,64
1407,33
1598,97
1109,130
1259,122
1392,99
1340,32
1937,32
1084,123
1929,89
1420,67
1569,60
1376,70
1394,38
2082,43
2032,70
1681,85
1817,116
1285,92
1108,106
1610,73
1657,108
1142,101
1756,116
1684,98
1618,61
1460,130
1455,46
1379,98
1359,36
1414,102
1281,36
1599,42
1038,61
1368,99
1006,121
1958,64
1106,34
1339,117
2006,56
1218,78
1499,86
1887,65
1159,55
1271,109
2022,124
1110,108
1301,73
1039,106
1379,116
1938,71
1712,82
1750,51
1081,119
1401,52
1509,84
2089,99
2000,73
1243,125
2023,124
1868,46
1537,84
1438,123
1909,96
1024,69
1916,108
1599,84
1245,112
1025,77
1380,110
1491,94
2018,130
1402,57
1385,102
1197,43
1133,79
2099,63
1438,48
1340,93
1842,93
1678,96
2021,105
2004,74
1858,34
1112,63
1814,61
1252,114
1179,100
1754,116
1306,76
1749,79
1234,64
1708,97
1914,77
2013,83
1110,92
1722,47
1944,100
1026,89
1014,131
1277,75
1710,124
1740,43
1624,56
1290,89
1912,39
1739,120
1429,48
1055,66
1859,117
1454,73
1038,32
1651,58
1818,37
2091,57
1610,36
2024,109
1389,108
1709,120
1603,44
2070,57
1233,61
1243,112
2073,34
2041,96
1875,112
1086,123
1001,125
2049,76
1047,64
1728,130
1225,61
1753,48
1809,69
1239,34
1924,37
1390,105
1216,100
1164,39
1482,40
1660,131
1460,61
1707,99
1825,68
1763,86
1583,97
1493,56
1633,54
1205,32
1439,67
1533,66
1829,103
1804,98
1270,119
1620,48
1563,34
1298,117
2059,116
1696,47
1509,40
1173,33
1733,122
1650,123
1750,61
1565,54
1776,130
1633,40
1827,130
1349,96
1442,68
1973,56
1388,104
1155,61
1958,58
1219,89
1100,39
1474,106
1687,56
1876,75
2070,63
1514,70
1161,88
1417,59
1756,67
1268,69
1180,94
1770,91
1450,130
1082,84
1965,42
1489,111
1500,54
2047,43
1850,90
1677,52
1689,121
1879,81
2008,107
1702,50
1002,54
1749,42
1053,122
1121,35
1650,116
1446,37
1024,41
1283,72
1498,40
1999,75
1179,66
1777,107
1581,37
1771,48
1166,105
1085,129
1550,72
1489,111
1699,106
2053,118
1890,43
1868,35
1105,94
1509,117
1563,120
1158,115
1112,83
1999,34
1385,94
1149,46
1136,124
1820,61
1132,94
1304,124
1524,73
1541,40
1915,112
1137,74
1853,46
1990,36
1578,111
1807,66
1882,34
1763,41
1048,66
1428,83
1847,94
1547,81
1587,56
2083,102
1599,131
1449,107
1855,72
1889,117
1224,43
1781,126
1461,125
1209,33
1192,93
1591,54
1428,48
1759,112
1863,76
1097,81
2074,102
1943,70
1875,63
1970,36
1708,32
1395,71
2037,75
1314,70
1568,41
1102,126
1837,76
1532,82
2060,88
1861,85
1975,58
2070,47
1194,130
1351,116
1030,63
1692,56
1388,109
1508,42
1843,82
1429,97
1371,62
1273,101
1053,63
2055,49
1212,105
1399,65
2035,85
2015,81
1497,129
1124,94
1633,125
1136,96
2091,107
2095,32
1722,126
1964,33
1416,73
1524,91
1593,84
1157,103
1504,68
1078,101
1335,58
1797,123
1362,105
1014,97
1849,68
1043,108
1540,95
1243,105
1913,125
1335,111
1436,123
1438,54
1070,37
1014,118
1534,67
1044,88
1780,54
2049,34
1924,98
1759,113
1025,96
1098,109
1081,129
1527,82
1289,56
1129,99
1723,88
1888,90
1254,129
2093,113
1039,90
1698,114
1927,92
1210,37
1199,60
1087,124
2002,83
1979,61
1521,67
1124,126
1575,121
1363,91
1973,41
1117,46
1329,68
2034,127
1450,32
1676,43
1187,87
1753,77
2080,68
1615,92
1102,72
1130,36
2048,41
1882,52
1293,54
1418,67
1843,105
1920,118
1741,65
1925,66
1252,104
1345,107
1061,125
1110,117
1016,131
1665,67
1156,67
1977,37
1600,58
1166,86
1349,92
1987,117
1712,59
2003,98
1567,109
1706,34
1217,52
1726,90
1812,48
1713,121
1410,89
1002,76
1806,38
1412,97
1900,46
1744,119
1269,119
2099,131
1937,63
1162,115
1321,114
1983,121
1886,120
1166,37
1463,49
1436,65
1527,77
2057,83
1146,91
1380,105
1194,71
1842,82
1015,72
1512,46
1086,81
1616,81
1987,104
1308,81
1663,71
2028,95
1440,107
1859,86
1300,58
1619,108
1184,90
1531,41
1952,39
1425,63
1915,79
1992,77
1826,48
1507,108
1734,72
1213,41
1199,69
1470,109
1230,120
1386,131
1778,63
1663,38
1689,71
1677,81
1441,126
2045,77
1600,103
1906,62
1710,122
1951,62
1714,79
1850,78
1498,56
1731,91
1163,64
1012,67
1713,97
1962,73
1857,70
1133,36
2080,43
1092,55
1565,35
1278,94
1085,119
2050,38
1977,36
1011,117
1448,60
1457,114
1987,33
1670,89
1479,61
1003,63
1472,123
1035,109
1317,89
1674,73
1228,121
1685,86
1449,118
1114,53
1408,122
1936,121
1077,100
1168,87
1300,107
1016,96
1294,37
1322,111
1125,85
1201,113
2011,46
1085,121
1235,67
1424,69
2058,85
1595,92
1873,118
1307,57
1297,64
1096,71
2020,125
1615,40
1438,101
1591,68
1509,75
1500,39
1084,120
1355,100
1591,106
1755,129
2051,94
1942,102
1762,51
1418,120
1682,103
1131,59
1847,71
1636,114
1519,64
1250,123
1275,53
1571,107
1675,131
2016,69
1029,57
1927,52
1333,128
1014,60
1664,101
1771,39
1773,72
1258,49
1117,108
1425,109
1278,119
1620,96
2048,103
1211,93
1925,33
1588,108
1488,109
2051,85
1267,114
1408,39
1641,50
1536,62
1981,81
1580,57
1564,71
1468,120
1474,103
1787,60
1533,42
1552,73
1265,79
1792,37
1684,125
2098,58
2073,75
2064,38
2085,91
1106,111
1564,36
1194,75
1412,127
1219,121
1996,69
1431,119
1751,94
1987,63
1468,118
1839,107
1554,117
1068,85
1870,71
1281,62
1697,59
2046,106
1186,101
1902,87
1489,103
1983,128
1236,43
1138,44
1703,56
1942,130
2009,53
1378,64
1929,43
1098,33
1209,85
1989,64
2099,83
1359,58
1584,131
1845,51
1425,87
2082,88
1120,56
1713,101
1397,43
1701,62
1249,117
1668,50
1329,130
1717,121
1262,123
1760,107
1647,99
1252,120
1129,128
1517,80
1561,45
1316,38
1676,113
1091,69
1003,48
1132,66
1881,44
1941,93
1087,106
1915,82
1004,130
1551,47
2002,42
1936,106
1575,96
1101,115
1375,92
2065,123
1491,113
1524,88
1653,39
1249,45
1266,95
2087,92
1415,109
1396,44
1057,89
1613,97
1969,74
2000,33
1642,62
1747,114
1119,68
1379,48
1357,100
1137,116
1537,111
1402,68
1666,117
1313,125
1936,61
1992,36
1615,128
1660,33
1773,97
1653,114
1361,68
1143,82
1864,74
1739,103
2025,35
1169,74
1786,101
2002,41
1745,84
1255,126
1564,71
1174,98
1249,120
1940,50
1531,42
1534,38
1854,84
1373,42
1580,65
1486,104
1307,119
1713,35
1477,114
1583,72
1612,94
1470,94
1875,93
1744,88
1665,37
1876,103
1770,35
1227,77
1968,118
1691,44
2065,50
1920,114
1594,80
1848,33
2034,126
1378,62
1249,127
1228,44
1805,75
1267,91
1639,37
1003,119
1596,41
1446,91
1177,97
1959,83
1961,38
1515,78
1543,130
1779,92
1995,87
1569,95
1599,79
1205,63
1053,107
1210,126
1729,105
1873,94
1514,80
2010,106
1073,87
1083,42
1119,64
1002,48
2040,111
1791,65
1486,87
1340,108
1202,90
1354,34
2037,68
1336,103
1683,61
1708,64
1647,79
1246,113
2063,129
1662,48
1003,67
1889,122
1014,120
1937,33
1200,125
1007,105
1661,96
1451,106
1183,54
1460,43
1749,35
1012,41
2019,95
1789,78
1254,76
2023,58
1400,114
1081,49
1257,94
1276,53
1312,65
1861,108
1910,88
2047,38
2056,48
1902,53
1059,97
1099,39
2098,123
1003,87
1533,34
2053,45
1443,117
1339,127
1665,85
1800,62
1751,33
2018,126
1810,115
1050,120
1084,90
1178,117
1665,37
1925,64
1746,117
1940,106
2089,131
1709,71
1512,49
2074,40
1111,66
1780,89
1096,97
1172,119
1319,74
1023,96
1721,86
1613,108
1003,42
1759,81
1191,123
1987,49
2032,85
1475,47
1167,69
1718,105
1260,46
1671,59
1245,108
1404,79
1375,78
1081,123
1768,46
1652,53
2069,82
1932,93
1372,55
1001,128
1283,110
1525,89
1540,34
1096,76
1630,34
1031,120
1735,129
2061,101
1065,49
1834,34
1161,36
1664,60
1046,34
1520,35
1863,123
1600,62
1363,89
1238,126
1391,121
1052,80
1696,128
1095,43
1160,46
1821,37
1357,121
1789,86
2046,92
1824,42
1920,111
1551,127
2076,83
1409,75
1893,112
1244,64
1611,66
1572,43
1955,99
1531,68
1390,55
1510,49
1307,37
1240,81
1701,84
1877,46
1395,92
1427,76
1072,60
1214,98
1862,127
1385,82
1739,110
1974,67
1839,84
1699,44
1785,99
1513,103
1424,112
1386,66
1263,54
1694,126
1557,101
1964,60
1195,91
1068,46
1005,105
1479,74
1718,128
1094,49
2066,92
1098,60
1594,88
1300,83
1662,114
1905,97
1442,105
1799,34
1657,38
1884,88
1879,52
1890,105
1669,64
1073,66
1641,64
1541,91
1477,89
1218,77
1583,91
1684,122
1788,40
1960,45
1246,106
1493,40
1872,94
1756,84
1296,79
1332,123
1690,116
1259,106
1625,88
1578,75
1565,49
1003,35
1367,128
1111,119
1558,94
1932,90
1167,91
1634,58
1561,65
1050,95
2079,34
1281,122
1222,58
1249,75
1640,105
1473,105
1365,127
1292,47
1479,78
1139,113
1110,105
1051,44
1320,42
1543,74
1473,47
1170,130
1534,117
1451,113
1301,125
1736,102
1541,129
1901,96
2005,48
1750,124
1398,37
1688,117
1911,127
1767,103
1649,121
1071,103
2058,119
1018,86
1779,115
1925,75
2014,114
1048,128
1763,39
1315,61
1917,41
1479,118
1262,117
1543,74
1328,58
1789,111
1597,97
1115,67
1619,102
1430,68
1552,131
1452,126
1091,69
1953,84
1930,119
1738,76
1731,66
1412,53
2010,75
1229,115
1899,94
1129,67
1636,48
1968,93
1171,127
1630,55
1012,94
1436,122
1849,60
1674,68
1130,100
2023,63
1213,90
1156,69
1402,118
1791,60
1617,112
1728,106
1997,38
1914,59
1702,90
1462,33
1997,93
2013,97
1663,70
1194,81
1118,110
1921,103
1749,108
1035,82
1989,37
1937,88
1596,100
2019,33
1151,90
1840,35
1209,119
1045,94
1624,90
1030,79
1246,109
1217,130
1880,119
1966,120
1157,61
1477,122
1085,122
1288,40
1093,131
1249,44
1835,102
1545,67
1254,61
1530,48
1832,111
1647,68
1647,58
1358,96
1815,77
1303,94
1655,85
1717,32
1436,108
1158,69
1295,45
1850,73
1260,73
1274,58
1066,46
1249,33
1935,74
1113,64
1805,128
1504,55
1022,78
2049,101
1990,127
1465,118
1966,104
1110,90
1694,37
1854,50
1179,78
1964,54
1485,77
1064,79
1290,127
1666,66
1946,90
1961,59
2065,54
1826,90
1542,115
2036,93
1652,91
2067,82
1793,32
1889,45
1540,69
1289,99
1725,90
1055,32
1886,100
1505,51
1435,104
2038,60
2020,37
1861,124
1408,101
1073,122
1297,68
2099,79
1661,65
1178,64
1704,47
1414,65
1173,127
1094,36
1456,46
1360,75
1226,91
1649,106
1967,82
2053,71
1326,77
1351,33
1951,112
1259,47
1656,62
1687,41
1974,87
1564,91
2047,81
1901,113
1529,117
1391,83
1797,98
1483,57
1370,53
1490,86
1546,75
1462,42
1371,77
1993,106
2072,89
1562,100
1106,67
1614,44
1767,100
1694,88
1072,55
1552,62
1128,83
1584,79
1217,119
1703,126
1571,60
1031,40
1933,55
1748,100
1844,123
1693,81
1603,73
1444,42
1170,80
1452,127
1972,103
2032,79
1511,87
1546,110
2029,74
1771,71
1645,117
1217,44
1734,101
2055,83
1825,83
1244,81
1038,66
1950,75
1155,83
1406,76
1824,72
1523,69
1003,114
1159,54
1703,104
2084,120
1870,112
1435,101
1476,98
1774,89
1927,71
1007,100
1302,58
1417,126
1166,108
1536,54
1943,116
1825,105
1238,112
1457,42
2038,115
1157,118
1386,47
1615,105
2027,100
1157,45
1654,98
2087,64
1504,108
1368,77
1760,58
1445,94
1758,53
1370,91
1788,83
1817,106
1368,98
2047,66
2074,73
1340,91
1920,110
1196,88
1247,73
1691,107
1273,52
1574,96
1359,113
1943,117
1132,41
1914,56
1061,59
1716,113
1731,63
2049,97
1859,58
1264,113
1712,57
1389,42
1255,94
1476,60
1934,74
1149,64
1049,51
1033,125
1306,66
1230,84
1941,69
1921,127
1621,38
1365,100
1139,55
1638,33
2056,61
1991,51
1636,90
1352,76
1095,110
1630,32
1716,69
1415,130
1181,77
1025,115
2009,88
1186,61
1204,91
1775,35
1360,61
1698,130
2001,75
1072,74
1615,129
1817,40
1849,74
1275,59
1970,51
1858,118
1065,47
1524,40
1133,39
1206,60
1959,36
1016,99
1242,111
1173,131
1413,109
1606,68
2084,130
1944,76
1139,123
1578,108
1643,70
1543,79
1157,73
2078,103
1101,124
1600,126
1946,89
1360,90
1544,65
1322,44
1224,92
1769,72
2064,118
1989,118
1525,105
2030,53
1671,56
1594,118
1587,56
1068,122
1118,68
1709,108
1230,53
1081,105
1781,82
1403,67
1027,57
1252,116
2043,85
1881,96
2003,97
1999,46
1402,119
1820,48
1730,89
1681,102
1555,36
1482,66
1826,58
1096,39
1227,59
1947,46
1638,67
1933,65
1428,112
2001,84
1787,80
1005,96
1055,54
1988,105
1213,76
1216,68
1415,122
2098,58
1336,45
1197,100
1058,102
1588,67
1868,129
1671,69
2019,114
1941,63
1302,48
1468,111
1733,82
1341,45
1636,114
2035,121
1064,46
1812,42
1106,40
2035,72
1123,129
1494,59
1830,105
1532,80
1460,117
1580,71
1960,48
1340,124
1361,46
1505,78
1565,67
1552,55
1404,118
1587,113
1689,90
1372,39
1057,47
1845,123
1510,69
1991,70
1333,86
1657,76
2097,59
2043,32
1567,43
1148,72
1104,66
1790,120
1397,121
1613,53
1330,33
1414,59
1620,54
1896,88
1987,103
1555,70
2074,69
1909,114
1457,109
1511,68
1402,88
1236,84
1789,94
1397,86
1513,86
1824,120
1278,65
1522,70
1748,127
1638,122
2013,111
1326,127
1349,127
1815,78
1528,131
1018,131
1681,95
1145,128
1545,84
1388,118
1179,78
1976,117
1947,89
1392,93
1832,57
1173,58
1905,123
1448,103
1781,104
1398,126
1002,117
1939,104
1423,93
1452,73
1393,62
1461,62
1727,126
1978,125
2047,58
1213,102
1178,73
1567,108
1509,96
1002,67
1109,63
1902,120
1466,108
1006,56
1600,98
2001,43
1978,61
1619,59
1012,119
1811,96
1774,78
1155,57
1909,69
1550,118
2073,46
1073,96
1947,40
1593,80
1499,94
1099,73
1505,129
2077,58
1171,71
1155,126
1104,98
1992,121
1886,106
1030,109
1145,37
1037,46
1045,110
1819,33
1281,43
2090,108
1157,102
1303,70
1508,33
1632,39
1723,85
2017,51
1052,56
1841,63
1688,62
1041,82
1816,49
1853,56
1029,63
1771,87
1716,112
1736,77
1659,49
1475,38
1562,120
1396,115
1519,128
1066,63
1249,118
1344,71
1020,78
1016,51
1594,59
1188,53
1067,97
1363,76
1462,92
1636,34
1346,63
1728,47
1575,33
1310,52
1146,103
1734,52
2082,49
1214,90
1292,33
2066,63
1521,84
1182,91
1375,41
1703,33
1220,61
1311,91
1526,40
1709,119
2037,45
2064,122
1977,115
1733,124
1209,120
1446,86
1188,120
2041,107
1059,74
1717,114
1172,123
1653,32
1048,124
1313,106
1884,78
1980,98
1255,85
1805,60
2070,129
1200,62
1195,39
1366,114
1785,126
1779,108
1706,119
1864,39
1432,105
1582,89
2096,96
1646,59
1579,64
1842,125
1903,33
1252,86
1376,38
2043,63
2048,72
1838,73
2093,64
2084,78
2021,111
1489,113
1235,120
1624,114
1696,70
1481,94
1744,68
2043,83
1267,117
1791,87
1369,124
1991,102
2060,111
2082,48
1831,97
1450,34
1657,78
1653,81
1315,73
1119,61
1898,50
1610,97
1939,49
1735,89
1938,98
1140,126
1978,79
1329,124
1650,116
1350,125
1810,101
1615,42
1557,73
1602,70
2044,77
1181,35
1649,128
2051,98
1062,121
1593,92
1372,60
1033,99
1961,63
1772,50
1166,60
1622,88
1718,107
1085,130
1339,125
1328,48
1702,98
1107,97
1629,117
1093,50
1712,112
1546,117
1633,59
1602,128
1186,128
1815,85
1602,114
1931,117
1093,77
1232,131
1821,40
2036,63
1671,42
1619,76
1320,102
1284,109
1627,107
1758,130
1093,42
1000,131
1155,85
1377,121
1040,69
1649,52
1240,123
1222,126
1860,62
1942,107
1253,79
2074,94
1907,67
1570,67
1006,63
2059,91
1346,66
1281,67
1030,62
1531,64
1221,59
1747,60
1376,113
1188,89
1298,35
1659,44
1684,95
1072,104
1597,90
1592,32
1245,49
1512,46
1897,107
1308,47
1481,98
1502,131
2009,36
1057,77
1923,58
1340,69
1914,123
1597,60
1192,58
1769,48
1266,127
1064,65
1796,99
1994,86
1696,104
1597,126
1885,34
1087,93
1371,67
1096,73
1225,89
1195,67
1714,75
1022,111
1244,101
1395,92
1000,77
2027,93
1581,107
1907,76
2036,88
1282,130
1361,104
1172,52
1416,90
1038,131
1080,59
1378,123
1699,81
1654,118
1954,107
1205,99
1625,59
1065,110
1755,97
1219,39
1004,55
1029,52
1012,58
1889,130
2090,107
1813,80
1506,76
1371,56
1784,61
1493,39
1034,120
1221,55
1704,34
1720,64
1920,129
1539,43
1348,93
2071,38
1582,102
1792,38
1479,110
1536,98
1912,67
1024,119
1563,70
1262,119
1218,100
1653,105
1548,91
1792,46
1810,118
1281,33
1362,44
1457,97
1536,63
1363,103
2002,58
1265,128
2073,118
2011,102
2027,79
1679,59
1855,112
1731,105
1139,72
1524,44
1779,64
1247,50
1585,72
1795,82
1857,51
1275,95
1048,73
1679,50
1834,40
1432,46
1449,99
1619,103
1849,57
1034,51
1963,86
1272,49
1093,84
1470,124
1771,86
1152,66
1442,118
1250,89
1320,36
1400,38
1374,105
1501,123
1989,90
1018,68
1968,70
1061,107
1900,65
1489,35
1451,78
1558,67
1623,116
1744,109
1210,50
1999,77
1325,40
1410,119
1928,47
2079,88
1639,51
1491,112
1948,88
1738,61
1024,84
1622,82
1079,77
1345,107
2069,119
1843,93
1914,125
1672,128
1353,100
1344,36
1017,32
2086,64
1062,125
1386,96
1284,107
1577,129
1000,44
1981,114
1894,107
1854,63
2069,83
1041,62
1872,101
1248,97
2030,131
1652,112
1236,89
1493,91
1735,86
1322,121
1487,38
2022,131
2021,54
1205,119
2010,95
1896,82
1853,93
1217,79
1635,66
1054,63
1662,41
1255,68
1280,42
1695,82
1219,79
1146,56
1592,64
1963,102
1180,50
1326,34
1512,68
1747,128
1675,121
1600,52
1672,75
1441,86
1056,85
1362,114
1042,42
1901,83
1376,113
2071,42
1300,49
1748,112
2090,122
1371,39
1638,36
1617,55
1922,80
2024,59
1057,129
2022,110
1403,75
1450,90
1172,58
1744,96
1231,33
1417,115
1403,68
1809,121
1477,116
1084,93
1273,93
1051,82
1023,50
1834,97
1464,85
1641,114
1231,64
1316,91
1873,87
1773,99
1379,108
2048,57
2003,73
1314,50
1154,86
1104,99
1685,101
1912,93
1627,85
1737,61
1975,83
1425,57
1267,35
1204,38
1040,108
1053,53
1296,36
1016,87
1112,121
1697,131
1135,105
1548,116
1252,121
2039,54
2074,81
1268,34
1984,84
1171,58
1413,87
1746,43
1372,118
1670,46
2039,48
1114,110
1324,82
1310,114
2093,38
1455,70
1378,56
1922,48
2053,114
1140,44
1626,39
1377,57
2009,76
1333,88
1036,32
1259,103
1298,103
1825,129
2017,61
1371,108
1217,70
1998,65
1438,122
1177,131
1042,125
1589,129
1461,68
1276,83
1779,88
1989,91
1527,54
2088,66
1583,88
1862,78
1913,33
1676,72
1787,81
1550,53
1171,130
1400,110
1086,120
1368,110
1895,33
2013,86
1132,45
1047,85
1700,111
1428,66
1750,41
1859,111
2059,96
1259,110
1653,70
2004,117
1221,36
1104,45
1648,114
1342,131
1013,96
1790,54
1674,51
1174,57
1286,79
1287,39
1590,77
1421,85
1390,100
1426,95
1518,103
2011,121
1915,105
1605,66
1298,100
1827,63
1332,64
1067,43
1922,118
1401,69
1492,113
1333,59
1985,40
1579,108
1863,42
1537,85
1298,120
1538,126
1075,126
1153,34
1560,83
1859,112
1717,106
1487,128
1704,52
1749,78
1029,64
1055,69
1564,77
1777,124
1603,75
1155,46
1906,87
1869,64
1409,55
1455,79
1052,71
2057,91
1221,125
1325,129
1906,117
1361,92
1398,54
1273,105
1916,121
1668,42
1940,54
1430,98
1386,126
1937,33
2070,94
1607,89
1215,105
1937,57
1023,56
1821,107
1372,34
1981,72
1398,41
1995,48
1406,62
1225,43
1917,48
1036,69
1138,131
1909,80
1178,129
1287,64
2082,113
1756,72
1040,111
1680,36
1798,77
1035,113
1122,65
1609,54
1548,117
1933,61
1262,89
1781,75
1098,75
1354,99
1169,91
1121,126
1964,99
1083,111
1226,104
1873,118
2048,33
1402,47
1400,42
2042,91
1666,62
1790,125
1809,43
1133,87
1060,73
1854,112
1122,58
1737,34
1380,127
1039,44
1771,112
2029,87
1584,97
1210,101
1414,51
2017,124
1266,109
1918,32
1715,112
1169,105
1690,45
1690,41
1690,112
1028,76
1709,59
1496,105
1102,67
1648,91
1521,69
1008,122
1327,108
1906,106
1985,93
1048,44
1591,57
1129,82
1834,101
1344,71
1219,121
1300,77
2079,94
1230,65
1892,100
1935,123
1068,87
1826,106
1882,110
1087,48
2085,102
1372,121
1746,125
2030,100
2092,38
1352,103
1799,81
1891,60
1703,125
1987,49
1776,38
1487,109
1459,123
1102,107
1810,56
1699,116
1497,124
1727,100
1811,103
1161,111
1334,106
1740,61
1357,53
1301,76
1868,76
1448,100
1798,64
1405,49
1330,108
1419,37
2011,59
1775,86
1930,32
1475,63
1457,127
2086,131
1086,62
1885,55
1536,65
1356,72
1781,86
1328,68
1172,68
1946,109
1568,94
1052,86
1993,66
1446,34
1905,62
1234,66
1511,37
2032,116
1568,102
1425,121
1600,37
1613,59
2001,77
1131,61
1597,36
2020,100
1941,39
1775,115
1395,77
1270,76
1599,124
1812,48
1083,55
1006,76
1406,87
1077,87
1366,53
2019,32
1206,72
1619,98
1673,74
2013,85
1544,88
1496,66
1973,76
1407,97
1218,130
1887,119
1736,131
1189,81
1096,55
2056,39
1957,128
1877,76
1884,117
1964,38
1182,105
1024,59
1421,61
1299,92
2005,95
2015,106
2082,111
1630,32
1850,117
1867,99
1853,92
1242,64
1511,44
1993,81
1306,50
1503,42
2085,114
1689,124
1757,75
1711,48
1375,104
1157,52
1576,114
1212,57
1644,48
1007,39
1180,88
1281,127
1905,112
1860,70
1869,128
1203,44
1440,67
1431,37
1803,60
1361,54
2010,76
1271,82
1518,123
1429,74
1875,44
1218,70
1956,88
1575,97
1134,34
2074,120
1903,89
1739,130
1914,74
1317,41
1857,117
1626,45
1243,84
1462,88
1879,114
1057,78
1351,49
1508,46
1180,32
1056,117
1282,41
1960,38
1907,118
1944,71
2007,130
1647,61
1591,130
1880,128
1190,84
1141,95
1127,99
1401,46
1078,105
1443,66
1792,82
1866,64
1519,48
1822,80
1280,119
1020,80
1640,59
1988,76
1253,93
1706,126
1517,70
1933,60
1115,52
1414,129
1258,51
1158,36
1598,100
1453,75
1843,129
1687,80
1419,95
1488,112
1113,59
1904,34
2006,124
1588,108
1405,116
2069,58
1679,98
1761,99
1334,47
1368,102
1138,73
2059,83
1132,104
1360,64
1306,41
1865,111
1547,102
2037,48
1171,130
1769,124
1056,65
1850,115
1447,112
1957,70
1673,120
1648,105
2034,55
2029,44
1994,121
2081,72
1087,124
1449,111
1334,124
1941,80
1211,118
2072,62
2078,102
1201,63
1778,87
1839,97
1991,89
1575,115
1311,58
1804,113
1297,116
1132,121
1976,72
1586,131
1191,92
1766,129
1978,119
1572,103
1299,56
1853,126
1294,35
1748,100
1405,120
1546,87
1071,87
1327,89
1401,68
1000,37
1680,93
1494,77
1008,118
1526,115
1217,76
1385,64
1067,44
1120,112
1385,78
1629,37
2042,39
1351,87
1030,99
1663,59
1918,54
1307,50
1850,83
2016,130
1948,77
1548,102
1452,128
1797,95
1137,76
1970,59
1453,45
1429,128
1686,124
1875,119
1743,67
1139,89
1013,74
1240,107
1461,43
1418,99
1932,121
1533,130
1743,36
1571,54
1750,112
1136,81
1114,57
1469,125
1927,63
1003,123
1264,37
1142,47
1036,66
1817,100
1073,118
1220,72
2092,109
1947,34
1164,100
1082,59
1505,112
1705,36
1309,107
1824,106
1217,72
1838,49
1800,95
1997,62
1237,66
1506,83
2092,102
1038,78
1790,44
1217,72
1121,53
1727,44
1860,41
1799,35
2089,106
1077,71
2065,117
1930,73
1571,70
1597,108
1392,110
1586,58
1694,81
1309,123
1821,109
1176,128
1557,63
1218,68
1546,43
1088,104
1044,101
1506,75
1988,46
1554,99
1683,120
1198,72
1872,78
2057,34
2050,53
1490,67
1590,131
1097,110
1791,125
1119,117
1508,114
1846,45
1780,127
1183,35
1836,55
1730,34
1045,94
2086,131
1090,87
1886,43
1316,40
1180,55
1798,116
1812,32
1160,101
1111,37
2063,84
1285,35
1924,34
1401,121
1813,70
1270,32
2041,74
1024,108
1899,50
1023,68
1197,122
1847,120
1265,38
1855,63
1962,107
2002,79
1188,100
1145,32
1402,97
1451,120
1522,32
1626,121
1402,111
1801,89
1160,95
1337,51
1685,114
1205,127
1645,88
1381,61
1593,127
1394,105
1918,43
1921,107
2035,93
1406,68
1080,73
1707,45
2004,71
1173,45
2076,39
1266,50
1287,117
1808,51
2052,103
1678,113
1138,60
1087,35
1973,64
1731,49
1575,107
1802,131
1812,32
1905,127
1523,106
1331,69
2038,87
1570,97
1002,43
1280,94
2002,95
1851,101
1686,75
1739,68
1466,44
1166,36
1216,84
2011,64
1214,49
2053,32
1706,110
1190,72
1391,109
1642,59
1661,124
1517,125
1245,63
1956,95
1314,113
1928,41
1887,126
1930,125
1157,69
1381,92
1551,129
1850,58
1550,123
1279,109
1076,74
1258,111
1759,69
1223,62
1275,116
1037,86
1233,117
1535,127
1991,60
1693,80
1803,55
2075,52
1185,76
1999,126
1741,84
1663,66
1217,48
1739,93
1884,79
1470,80
1719,65
1296,62
1938,100
1463,105
1621,74
1112,72
1406,105
1634,112
1327,53
1168,123
1015,131
1539,128
1592,45
1753,35
1231,80
1426,92
1167,60
1948,70
1964,40
1266,44
1983,104
2081,117
1338,107
1370,55
1184,47
1429,51
1404,91
1726,54
1491,63
1946,78
1629,99
1245,103
1989,39
1719,126
1193,114
1941,99
1938,56
1255,54
1338,96
1840,53
1264,32
1321,96
2021,106
2003,43
1985,60
1684,82
1106,91
1453,101
1419,105
1644,91
1256,39
2096,53
1024,89
1853,69
1799,33
1478,112
1084,90
1043,95
1303,39
1014,43
1608,32
1654,128
1552,53
1284,34
1795,65
1545,59
2039,96
1444,71
2080,35
1887,78
1815,124
1160,35
1247,110
1975,125
1041,47
1962,41
1495,34
1671,108
2050,80
1796,38
1334,71
1574,92
1440,33
1559,126
1906,101
2003,85
1551,37
1188,41
1530,51
1377,111
1299,99
1575,57
1788,93
1936,65
1003,111
1464,56
1134,44
1183,46
1558,62
1134,91
1688,96
2050,58
1681,75
1198,109
1184,53
2079,65
1720,79
1084,86
1168,70
1279,131
1008,126
1826,91
1107,67
1180,79
1692,122
1409,76
1635,86
1657,33
1989,123
1357,89
1246,100
1062,127
1868,69
1045,42
1447,80
1682,113
1198,42
1574,40
1286,104
1094,80
1529,49
1795,39
1201,77
1448,107
1736,121
1247,110
1127,51
1058,122
1747,88
1082,112
1353,102
2030,114
1648,76
1047,37
1938,90
1513,116
1518,96
1361,52
1133,85
1292,77
1496,50
1150,56
1871,88
1198,125
1039,71
1271,122
1349,47
2008,97
1646,82
1509,107
1172,109
1309,108
1279,127
1255,59
1694,50
1968,102
1122,87
1798,37
1851,93
1334,51
1066,109
1525,115
1287,71
1826,96
1555,94
1598,105
1051,47
1603,45
1158,108
1625,128
1687,123
1240,114
2019,85
2010,131
1830,120
2051,61
1060,66
1883,54
1086,44
1308,47
2024,45
2042,53
1381,68
2025,49
1620,40
1540,53
1754,73
1089,130
1983,89
1384,100
1593,98
1715,90
1037,43
1377,88
1877,50
2033,48
1962,97
1676,52
1450,72
1417,57
1662,39
1467,103
1092,34
1245,81
1443,65
1101,79
1517,36
1003,131
1790,54
1168,54
1345,85
1860,43
1342,98
2078,106
1394,105
1801,94
1274,94
1000,44
1737,101
1926,89
1714,44
1164,119
1517,51
2044,114
1947,90
1374,112
1916,57
1843,95
1340,49
1105,101
1731,126
1558,78
2006,83
1809,45
1748,46
1924,34
1733,48
1081,49
1105,125
1087,98
1566,83
1157,80
1174,36
1156,112
1951,49
1186,62
2005,38
1678,117
1342,115
1430,47
1581,63
1610,76
1571,38
2014,125
1824,77
1062,76
2082,75
1760,81
1700,38
2063,49
1290,122
1969,45
1538,75
1402,62
1321,115
1879,67
1054,53
1155,70
1956,60
1722,57
1056,54
1651,62
1820,84
1126,84
2060,125
1076,32
2080,106
1243,49
1956,124
1411,118
1377,62
1649,55
1474,79
1205,74
1690,115
1675,41
1930,79
1011,75
1626,105
1551,90
1675,94
1532,35
1695,104
2015,78
1691,44
1667,33
1994,60
1506,129
1057,124
2086,117
1316,69
1267,104
1645,83
1398,39
1471,55
1494,104
1445,75
1215,93
1505,41
1906,55
1749,126
2068,116
1831,91
1150,37
1995,40
1943,38
1256,125
1264,88
1175,79
1474,119
1281,91
1408,62
1135,106
1450,65
1832,131
2052,52
1851,67
1059,103
1594,44
1298,126
1697,38
1598,77
1261,42
1297,72
1483,119
2004,63
1412,66
1729,54
1404,34
1902,104
1377,105
1960,87
1607,69
1897,88
1651,51
1955,50
2077,49
1754,128
1646,41
1489,81
1501,124
1306,131
1035,53
1993,60
1751,114
1369,39
1834,81
1765,67
1560,70
1822,72
1884,112
1611,117
1111,34
1145,74
2030,120
1133,58
1135,66
1230,69
1149,56
1674,81
1966,78
2080,115
1100,98
1107,120
1104,35
1348,86
1666,111
1076,56
1364,99
1946,115
1873,131
2032,68
1880,111
1413,111
1163,82
1065,105
1465,111
1471,40
1087,40
1926,127
2051,92
1469,64
2088,99
1374,33
2063,109
1264,79
1976,55
1126,51
1437,40
2061,54
1928,125
1485,45
1655,72
1402,83
1907,85
1757,38
1064,58
1021,80
2095,47
1238,58
1653,123
1421,90
1217,97
2008,96
1498,69
1948,87
1728,113
1484,116
2004,93
2003,58
1105,50
1900,63
1181,74
1980,130
1603,75
1998,71
1628,44
1300,109
1617,48
1186,101
1657,35
1477,68
1896,106
1475,63
1849,79
1658,100
1705,127
1122,33
1693,120
1470,49
1487,38
2054,67
1707,99
1727,44
1165,121
1813,50
1930,39
1574,40
1875,53
1376,69
1496,129
2024,74
1836,71
1662,51
1530,94
1345,44
1532,127
1688,103
1159,56
1150,126
1426,82
1554,92
1195,69
1727,85
1169,112
1764,39
1789,49
1567,58
1569,93
1415,109
1383,123
1983,43
1398,67
1553,68
1504,70
2097,66
1047,68
1188,76
1759,126
1704,112
1717,32
1058,33
1407,75
2054,118
1005,43
1171,130
1567,122
1410,95
1367,125
1718,61
1892,110
1105,62
2026,91
1307,95
2049,82
1267,68
2091,99
1869,63
1740,61
1689,105
1316,100
1227,70
1302,42
1154,107
1213,87
1007,127
1122,127
1282,47
1486,122
1736,33
1411,104
1790,94
1979,49
1974,106
1374,53
1835,129
1071,92
1089,38
1063,109
2068,67
2013,129
1411,56
1975,36
1817,71
1820,105
1812,65
1420,109
1139,104
1792,106
1499,60
1179,34
1879,109
2044,43
1821,88
1400,56
1074,43
1871,110
1171,74
1902,65
1154,91
1361,109
2052,51
1066,117
1851,41
1674,90
1705,77
1846,127
1625,49
1665,54
1337,99
1200,123
1226,68
1531,96
1027,73
1691,45
1930,44
1658,45
1909,129
1341,83
2088,104
1011,44
1242,62
1040,115
1437,60
1249,110
1080,106
1099,39
1462,76
1073,121
1589,37
1629,119
2032,119
1254,110
1637,46
1197,101
1013,85
1778,118
1595,82
1283,127
1170,55
1488,42
1880,106
1743,66
1355,102
1239,77
2032,113
1448,74
1781,91
1138,45
1548,103
1553,109
1476,86
1594,59
1246,95
1161,35
1034,57
1248,120
2020,83
1971,117
1969,47
1876,65
2047,80
1299,91
2059,120
1442,68
1086,101
1692,67
1892,55
1685,58
1827,115
1838,79
1886,108
1783,33
1056,121
1795,57
1142,57
1457,74
1330,48
1735,114
1511,46
1476,46
1435,72
1605,51
1324,64
1555,109
1342,124
1234,123
1178,32
2040,104
1305,62
1410,72
1748,65
1585,79
1435,53
1431,71
1478,83
1229,122
1773,61
2046,82
1043,107
1836,85
1948,114
1764,120
1182,50
1557,65
1769,94
1091,38
1870,61
1795,76
1869,121
1528,105
1773,93
1715,104
1539,58
2011,65
1711,69
1290,112
1488,59
2024,74
1748,128
2090,117
1514,119
1911,73
1090,58
1630,91
1982,62
1939,120
1752,122
1817,109
1004,82
1934,69
1837,73
2035,63
2073,124
1027,115
1795,60
1630,115
1156,35
1057,121
1418,54
1065,46
1618,92
1156,43
1634,84
1898,71
1819,67
1658,48
1633,124
1190,118
1916,109
1430,40
1298,52
1747,67
1436,57
1897,109
1165,66
1728,95
1811,109
1235,104
1545,62
1365,88
2070,53
1425,44
1049,34
1335,47
1086,115
1872,33
1068,86
1503,109
1591,89
1091,104
1468,114
1502,57
1171,88
2049,43
1006,92
1028,123
2087,97
1457,84
1247,123
1468,72
1118,129
1331,56
1028,47
1831,131
1173,119
1672,103
1664,108
1339,49
1662,119
1716,126
2019,109
1256,66
2093,33
1839,48
1139,71
2081,88
1519,46
1325,105
1660,84
1231,78
1837,97
1464,131
1341,54
1919,76
1689,112
1084,104
1408,44
1879,49
1434,43
1930,86
1708,61
1184,68
1087,58
1832,118
1264,86
1006,128
1394,85
1380,78
1125,107
1876,95
1402,100
1639,130
2068,103
2064,60
1959,94
1995,64
2073,102
1052,72
2041,111
1229,56
1313,121
1043,41
2065,86
1296,107
1573,49
1233,83
1106,47
1926,81
1885,50
1894,64
1546,104
1680,59
1992,130
1740,130
1594,105
1878,102
1496,90
1871,43
1441,73
1155,116
1000,63
1381,41
1596,110
1209,120
1569,33
2076,75
1365,54
1706,93
1246,82
2048,44
1593,41
1252,119
1805,71
1539,95
1643,108
1192,39
1653,110
2005,58
1234,73
1235,93
1797,32
1767,115
1809,66
1320,112
1567,94
1602,125
1916,129
1668,105
1210,62
1783,91
1184,125
1012,65
1627,77
2059,38
1881,130
1200,35
1139,102
1557,34
1973,116
1988,40
1660,127
1280,56
1891,54
1259,93
1295,75
1830,126
1194,84
1143,52
2056,32
1773,128
1842,89
1276,71
1465,121
1059,58
1475,49
1428,81
1460,98
2063,67
1430,44
1236,97
1306,39
1456,117
1968,43
1985,92
1585,81
1992,60
1674,129
1419,65
1866,48
1900,112
1549,122
1413,56
1978,103
1381,35
1245,107
1350,100
1568,73
1534,75
1930,97
1847,131
1194,96
1160,86
1173,69
1928,34
1796,97
1695,32
1894,116
1053,74
1451,55
2022,116
1815,58
1302,108
2031,75
1679,71
1267,36
2077,73
1325,106
1407,41
1218,89
1051,81
1503,81
1235,81
1007,32
1007,32
1228,52
1949,96
1744,32
1550,44
1443,119
1025,43
2046,59
1984,124
1354,96
1554,55
1606,88
2015,59
1325,110
1142,131
1668,57
2018,105
1749,119
1942,73
1397,32
1339,86
1051,61
1855,33
1615,109
2026,44
1986,37
1240,33
1404,73
1147,81
1213,62
2097,101
2074,70
1361,120
1956,55
1587,102
1228,72
1908,130
2044,119
1360,100
1715,47
1997,65
1662,127
1908,127
1123,80
1359,62
1452,100
1252,122
2043,52
1762,101
1124,41
1621,71
1041,40
1990,121
1017,63
1079,40
1793,58
1223,50
1690,79
1151,43
1134,56
1383,32
1897,63
2096,70
1425,96
1751,77
1516,55
1280,128
1820,90
1230,126
1626,79
1245,49
1483,66
1016,62
1814,108
1410,99
1465,51
1396,85
1942,83
1030,100
1685,67
1925,100
1887,65
1875,67
1774,81
1806,63
1954,94
1955,111
1458,44
1142,70
1750,48
1807,50
2017,37
1686,61
1456,60
1501,40
1885,106
1056,70
1943,59
1648,99
2065,97
1988,38
1219,106
1425,109
1013,123
1928,89
1658,95
1736,62
1419,123
1760,108
1410,125
1013,126
2034,83
1495,76
1492,115
1737,48
1802,93
1867,113
1693,36
1537,58
2000,119
1626,112
1763,128
1476,107
1585,63
1597,121
1678,47
1049,120
1779,121
1974,79
1052,55
1549,105
1379,100
1770,53
1224,80
1059,100
1794,41
1448,101
1653,123
1497,93
1997,61
1244,85
1942,39
1896,32
1398,80
1542,83
1545,126
1130,44
1475,78
1168,100
2084,43
1541,57
1251,89
1386,63
1164,67
2035,85
1143,44
1062,57
1699,68
1649,110
1947,39
1693,39
1948,107
1611,78
1521,73
1091,102
1318,80
1116,88
1505,35
1862,83
1613,88
1923,71
1006,65
1402,42
1028,106
1557,120
1150,61
1236,70
1878,93
1708,121
2008,130
1711,110
1453,104
1062,107
1893,76
1901,99
1326,98
1830,41
2023,34
1696,102
1500,43
1489,104
1708,48
1618,110
1982,115
1282,37
1625,35
2027,121
1679,50
1270,109
1436,38
2092,53
1085,61
1958,42
1941,32
1234,73
1688,52
1481,106
1221,91
1023,87
1663,63
2020,36
2015,64
2067,74
1217,90
1708,115
1636,106
2073,69
1019,37
1508,124
1109,41
1099,82
1960,75
1362,110
1177,94
1511,123
1678,39
1362,60
1687,63
1090,102
1699,120
1614,52
1725,49
1451,64
1836,87
1098,83
1190,85
1137,56
1557,39
2024,76
1730,127
1327,109
1947,74
1944,111
1305,113
1292,66
1324,129
1579,124
1485,102
1712,81
1299,61
1962,33
1364,118
1601,42
1849,99
1683,54
1465,56
1988,80
1033,76
1080,66
1015,41
1167,115
1738,62
1771,54
1156,34
1868,66
1074,109
1641,70
1136,45
1679,120
1297,109
1121,59
1123,90
1975,129
1833,103
2012,73
1818,44
1255,41
1702,119
1848,39
1460,62
1335,44
1815,129
1356,74
1906,73
1177,74
1727,131
1984,69
1186,111
1638,56
1843,95
1062,104
1720,32
2058,105
1729,72
1817,67
2014,99
1812,50
1663,99
1903,87
1974,98
1636,114
1489,33
1217,100
1019,101
1974,48
1496,59
1451,117
1333,51
1059,98
1014,84
1240,105
1024,84
1030,123
1012,129
1828,109
1330,70
1820,65
1923,100
1982,65
1125,54
1669,102
1509,101
1041,44
2082,55
1310,84
1080,115
1962,53
1727,89
1082,78
1117,110
1883,111
1780,69
1629,77
1460,121
1925,74
2041,40
1133,130
2074,103
1323,93
1648,118
1494,39
1740,71
1080,73
1022,105
1875,66
1832,96
1665,64
1350,42
2031,76
1239,59
1274,32
1714,103
2061,38
1670,117
1631,118
1302,92
1893,117
1964,39
1006,94
1831,102
1192,59
1057,102
2063,83
1012,43
1861,114
1033,73
1791,53
1375,62
1459,106
1631,104
1646,115
1323,65
1892,130
1380,117
1724,41
2032,76
1873,104
1472,102
1597,88
1411,33
1750,37
1448,64
1587,48
1241,58
1771,67
1609,121
1711,79
1439,126
1193,104
1414,122
1908,78
2053,51
1485,82
1636,87
1724,109
1145,67
1001,39
2084,121
1554,70
1567,46
1691,66
1789,59
1603,77
1671,77
1588,100
1278,60
1484,77
1586,127
1387,50
1140,52
1374,63
1934,34
1752,126
1018,89
1929,82
1679,32
1677,32
1930,91
1658,59
1000,129
1216,110
1473,94
1619,51
1813,111
1522,93
2014,95
1189,96
1643,82
1251,71
1751,57
1106,54
1994,39
1091,51
1493,33
1601,91
1452,35
1147,66
1592,68
1613,112
1870,100
1611,33
1237,108
1201,78
1935,91
2043,55
1185,49
1785,118
1579,81
1123,62
1473,107
2065,81
1578,122
1088,82
2078,109
1519,109
1162,109
1484,90
1239,56
1567,111
1914,71
1704,62
1709,85
1413,62
1035,51
2027,114
1771,45
2049,123
1280,51
1933,74
1079,92
1997,106
1210,92
1090,38
1955,65
1928,130
1555,98
1541,97
2030,130
1887,107
2023,60
1488,59
1382,47
1692,40
1745,82
1479,48
1574,118
1224,106
1185,81
1446,68
1959,115
1195,111
1595,70
1897,84
1976,47
1912,43
1302,93
1186,111
1411,107
1492,42
1846,55
1908,86
1075,92
1835,77
1015,36
1294,35
1522,118
2005,116
1301,106
1254,95
1428,79
1183,87
1606,56
1785,121
1400,105
1900,65
1610,46
1165,129
1272,34
2068,113
2092,66
1048,128
1806,52
1375,111
1051,101
1742,114
2000,79
1956,71
2015,79
1852,113
1143,131
1787,110
1675,65
1069,54
1970,112
2074,37
1065,62
1093,93
1612,86
1982,97
1425,92
1431,90
1157,109
1340,49
1889,35
1362,120
1877,81
1611,36
1746,130
1428,45
1693,65
1699,66
1505,78
1466,114
1682,81
1006,52
1322,68
1055,74
1745,33
1641,85
1241,33
1131,64
1325,77
1734,79
1653,60
2065,98
1582,76
1786,56
2034,116
1859,119
1391,59
2027,112
1981,95
1906,87
1733,91
1625,130
1293,77
1226,51
1617,107
1007,64
1077,57
1071,82
1290,90
1824,38
1818,120
1810,49
1025,89
2009,107
1713,41
1650,56
1138,109
1413,114
1158,33
1585,61
1382,51
1468,68
1037,121
1533,89
2092,34
1277,38
1019,105
1621,32
2073,120
1162,111
2082,123
1887,42
1451,69
1666,128
1859,122
1103,66
1564,119
1536,104
1533,127
2048,48
1294,117
1714,39
1640,77
1178,83
1626,85
1348,98
1274,89
1286,39
1883,66
1138,118
1644,78
1374,80
1453,55
1588,90
1308,126
1181,102
1647,103
1286,73
1624,110
1093,51
1800,84
1950,112
1766,103
1447,67
1984,130
1519,124
1377,40
1873,69
1298,42
1139,111
1160,42
1932,61
1962,101
1974,68
1994,113
1238,32
1614,53
1733,117
1817,79
1249,104
1053,122
1240,120
1682,85
1632,96
2094,112
1313,78
1520,122
1684,120
1838,114
1554,39
1248,61
1915,75
1201,111
1539,56
1150,128
1028,98
1818,102
1915,34
1628,98
1294,119
1081,121
1434,63
1662,124
1203,106
1327,96
1836,108
1613,74
1217,46
1526,98
1051,84
1583,37
1696,60
1329,50
1319,129
1751,122
1676,39
1830,63
1493,77
1350,84
1641,91
1569,96
1865,38
1139,101
1817,110
2008,36
1547,44
1756,123
1354,125
2053,109
1286,39
1884,92
1564,45
1666,93
1219,79
1482,103
1653,64
1039,49
1970,113
1199,108
1133,115
1272,87
1387,99
1024,97
1176,129
1972,32
1850,121
1989,62
1998,127
1813,105
1973,57
1498,58
1538,87
2086,85
1344,57
1227,69
1957,120
1928,115
1203,126
2043,128
1949,97
1821,54
1006,97
1417,41
1480,110
1452,49
1046,96
1052,109
1118,80
1830,87
1133,61
1856,120
1494,39
1561,123
1638,50
1314,109
1877,34
1662,70
1507,62
1561,124
1411,70
1910,110
2079,83
2077,53
1217,129
1983,82
1830,100
1176,44
1781,84
2095,71
1702,58
1991,54
1843,126
1880,104
1106,128
1905,38
1452,86
1159,41
1713,94
1354,112
1892,70
1552,88
1642,60
1155,111
1022,99
1736,57
1053,62
1695,96
1404,124
1156,73
1630,120
1822,119
1468,131
1142,112
1689,63
1848,90
1879,56
2015,59
1695,99
1577,67
1994,86
1361,74
1896,122
1744,68
1960,87
1869,68
2023,83
1546,82
1229,92
1196,111
1057,83
2040,66
1951,53
1055,127
1610,88
1516,69
1321,94
1724,107
1377,88
1218,47
1431,123
1038,76
1689,76
2030,86
1906,67
1515,91
1020,52
1738,66
1481,39
1723,52
1602,52
1873,114
1242,127
2031,72
2042,85
1962,62
1043,64
1242,88
1046,60
1935,116
1884,125
1622,64
1484,42
1243,73
1940,104
2033,50
1690,77
1130,80
1176,87
1641,81
2049,108
1294,114
1966,112
1796,40
1366,100
1046,71
1083,68
1936,98
1697,117
1597,121
1088,115
1762,60
1668,91
1285,61
1047,118
1259,43
1350,68
1718,113
1086,81
1360,80
1590,57
1819,120
1307,44
1076,120
1374,121
1301,75
1119,86
1348,54
1927,106
1974,37
1196,60
1457,83
1002,117
1183,36
1441,104
1070,91
1699,131
1950,92
1728,76
1874,33
1277,86
1716,128
1685,62
1875,41
1886,57
1687,101
1368,74
1396,108
1418,60
1006,82
1619,81
1993,60
1335,128
1436,57
1657,65
1075,76
1241,64
1382,64
1866,129
2021,129
1394,83
1562,92
1097,53
1659,91
1871,100
1499,123
1589,119
1684,59
2041,35
1428,126
1542,131
1301,32
1725,65
1878,113
1324,47
1726,120
1140,90
2060,43
1530,50
2055,111
1715,61
1737,117
1441,106
1298,71
1589,120
1086,53
2025,54
1650,55
1447,96
1336,33
1946,40
1323,120
1836,45
1145,72
1893,125
1158,99
1344,95
1275,120
1816,44
1420,46
1158,55
1216,57
2023,47
1619,38
2093,69
1424,94
1342,74
2054,48
2059,100
1890,80
1354,42
1092,61
1612,107
1502,107
1278,32
1036,50
1507,128
1094,79
1189,54
1114,69
1201,95
1058,74
1483,53
1522,91
1863,56
1643,34
1368,115
1440,43
1826,63
1676,93
1014,96
1620,79
1260,49
1862,124
1203,53
1058,55
1298,121
1574,51
1271,71
1074,77
1246,97
1048,92
1820,52
1293,84
1839,113
2079,44
1084,63
1194,115
1344,106
1701,80
1908,51
1418,81
1059,82
1519,88
1009,83
1176,111
1980,52
1661,41
1160,96
1980,129
2027,111
1004,50
1328,49
1241,59
2090,93
1664,39
1432,81
1147,81
1579,100
1417,48
2053,78
1970,32
2049,32
1903,82
1608,123
1651,60
1300,125
1806,65
1951,122
2071,69
1683,111
1140,121
1473,33
1654,79
1175,98
1317,73
1993,39
1728,88
2087,63
1494,131
1903,58
1166,57
1887,39
1295,131
1390,74
2093,60
2050,99
1862,96
1798,114
1527,84
1951,73
2089,60
1456,115
1261,101
1491,55
1201,126
1977,120
1938,45
1188,67
1872,43
1802,131
1237,60
1709,98
1836,72
1612,74
1142,130
1906,55
1266,97
1266,127
1401,103
1642,129
1033,123
1754,75
2052,43
2076,116
1929,129
1920,93
1383,86
2023,69
1496,54
2015,92
1190,85
1642,92
1876,125
1066,43
2061,127
1854,55
1926,76
1756,77
2053,68
1170,85
1144,78
2073,118
1401,81
1572,122
1643,46
1051,90
1877,129
1901,35
1253,112
1026,129
1630,40
1422,76
1483,47
1695,42
2043,114
1325,122
1273,88
2086,73
1371,82
2065,112
2092,64
2067,82
1419,42
1928,44
1470,71
2034,92
1178,46
1122,61
1057,36
2047,112
1295,76
1221,83
1822,65
1798,93
1386,67
1363,119
1802,36
1786,52
1250,60
1749,129
1008,73
1800,56
1487,59
1452,57
1753,99
1288,65
1173,56
2090,70
2003,87
2024,61
1939,44
1837,90
1451,71
1049,37
1413,83
2089,92
1076,130
1629,74
1287,87
1729,122
1305,70
1367,53
1849,43
1806,74
1501,55
1435,76
1944,45
1682,128
1979,59
1433,124
1245,107
1968,119
1207,96
1015,98
1047,37
1482,131
1839,117
2019,40
1586,76
2027,97
1054,102
1610,86
1659,54
2077,115
1668,70
1197,58
1576,54
1291,123
1093,120
1371,82
1552,70
1910,94
1635,114
1885,126
1780,55
1355,94
1256,37
1267,79
1291,92
1168,49
1708,53
1484,118
2005,62
1670,122
1563,104
1782,63
1270,118
1062,44
1551,69
1203,84
1007,109
1092,119
2010,82
1197,47
1561,55
1933,100
1613,75
1480,59
1558,34
1223,96
1019,36
1895,105
1172,114
2059,75
1774,75
1852,35
1937,59
1402,49
1768,75
1395,124
1950,98
1026,125
1757,103
1921,52
1209,125
1277,114
1218,68
1052,109
1741,42
1846,116
2040,90
1011,54
1720,86
1905,41
1011,92
1342,92
1851,102
1705,98
1217,117
1993,64
1440,36
1808,123
1766,119
1850,56
1289,101
1855,124
1813,34
1313,78
1032,68
1371,119
1736,102
1292,107
1796,58
1456,90
1438,99
1787,56
1105,65
1856,91
1701,32
1317,71
2005,74
1613,101
1105,81
1354,64
1213,56
1512,119
1430,80
2028,113
1218,102
2041,83
1170,47
1510,92
1192,60
1535,109
1415,55
1159,98
1604,41
1647,117
1987,103
1370,118
1841,58
1179,47
1329,38
1930,48
1160,73
1434,67
1917,93
1024,69
1117,62
1557,88
1274,66
1373,100
1026,117
1993,120
1141,46
1622,67
1804,70
1958,115
1877,100
2064,108
1490,88
1867,105
1559,53
2051,94
1193,105
1779,102
1019,127
1038,78
1165,37
1601,40
1000,118
1874,32
1362,121
1424,119
1599,76
1607,44
1988,59
1734,68
2054,56
1067,128
1352,79
1714,110
1341,101
1955,69
1092,32
1235,63
1199,67
1612,96
2037,56
1502,63
1385,87
1792,48
1794,48
1152,106
2006,74
1311,59
1816,85
1632,38
1488,72
1752,102
2025,71
1209,51
1574,44
1586,110
1734,112
1588,83
1469,58
2011,47
1650,113
1085,55
1548,51
1577,32
1775,49
1417,86
1260,42
1852,43
1554,43
1882,105
1397,86
1569,76
1053,75
1942,41
1529,77
2013,78
1308,78
1881,65
1222,33
1137,34
1037,84
1539,123
1716,39
2066,83
1160,77
1137,98
1355,45
1103,128
1517,66
1543,101
1016,125
1916,74
1421,104
1094,109
1889,126
1326,81
1281,87
1786,96
1131,52
2014,102
1318,127
1258,100
1914,37
2028,33
1316,117
1025,113
2009,112
1865,88
1247,103
1783,77
1972,61
2086,83
1029,47
1270,97
1304,54
1251,130
1393,125
1262,86
1580,35
1149,84
1111,50
1874,122
1195,68
1953,98
1954,77
2026,113
1965,99
1876,37
1536,116
1831,70
1379,106
1741,71
1498,59
1895,109
1685,71
1351,89
1513,71
1550,116
1914,73
1646,60
1803,104
1619,94
1295,53
1854,108
1364,114
1336,56
1983,93
1041,51
1082,55
1487,56
1752,65
1725,79
1321,35
1774,130
2042,106
1965,61
1985,74
1935,45
1678,45
1780,86
1790,114
1498,60
1278,81
1578,116
1671,52
1964,53
1895,60
1956,40
1425,117
1533,36
1847,73
1414,94
1697,126
2058,68
1838,85
1986,64
1759,33
1069,105
1167,73
1098,81
1824,86
1206,57
1113,125
1585,131
1901,124
1918,33
1847,64
1041,102
2019,68
2002,53
1791,46
1830,107
1660,57
1518,56
1971,34
1068,56
1175,116
1437,77
1571,122
1261,102
1031,58
1078,102
1373,101
1509,103
1896,127
1145,42
1276,85
1100,131
1416,73
1633,107
1341,63
1045,74
1436,46
1921,130
1614,115
1497,105
1499,118
1105,109
1990,66
1338,74
2004,58
1204,53
1102,62
1386,87
1868,62
2087,86
1290,41
1734,100
1673,51
1576,124
1228,64
1503,130
1056,83
1568,84
1858,98
1012,130
1690,98
1184,119
2037,118
1180,71
1617,52
1183,59
1569,43
1684,39
1910,124
1932,116
1707,41
1798,65
1363,33
1734,91
1705,92
1229,36
1910,36
1676,116
1299,66
1302,85
1163,41
1840,93
1667,96
1127,33
1035,62
1458,56
1384,97
1513,82
1815,63
1854,130
2001,98
1079,67
1221,124
2011,117
1901,95
1458,102
1701,128
1343,122
1254,97
1261,76
1103,129
1511,72
1519,79
1513,63
2007,126
1933,73
1205,122
1870,74
1321,130
1099,63
1127,122
1491,36
1701,104
1522,57
1219,36
1540,114
1679,129
1428,103
1533,83
1036,94
1195,79
1269,122
1551,67
1324,85
1914,33
1973,58
1473,53
1384,50
1996,120
1193,67
1956,52
1429,82
1253,101
1686,84
2089,122
1701,82
1060,57
1225,125
2008,117
1021,73
1150,76
2023,44
1598,47
1898,99
1592,105
1358,97
1970,59
1660,69
1998,115
1898,82
1228,76
1439,56
1415,96
1193,70
1157,41
2088,39
1013,61
1605,85
1967,75
1616,32
1391,58
1714,129
1809,51
1605,107
2037,72
1411,90
1270,119
1070,37
1787,112
1708,37
1617,41
1674,39
1324,34
1011,79
1580,102
1269,124
1812,131
1411,101
1396,73
1768,106
1621,61
1709,87
1634,36
1238,125
1086,118
1422,91
1205,122
1563,120
1430,49
1385,80
1234,43
1638,94
1675,43
1623,93
1286,118
1940,91
2027,32
1226,87
1597,52
1935,104
1081,105
1043,38
1940,107
1172,77
1936,68
1049,101
1288,76
1371,33
1573,93
2003,119
1480,117
1531,57
1965,66
1259,40
1227,82
1516,97
1548,46
1917,110
1479,84
1545,33
1379,88
1691,32
1571,127
1234,44
1763,114
1414,103
1578,129
1807,97
1745,44
1710,100
1545,42
1311,58
1793,83
2096,114
1575,65
1410,86
1075,48
1164,42
2043,34
1603,46
1906,47
1814,101
1083,83
1584,54
1181,130
1669,41
1764,35
1678,125
1123,75
2010,61
1863,70
1783,95
1374,56
1936,39
1683,59
1689,113
1899,112
1600,66
1486,69
1356,119
1168,54
1432,78
1115,61
1947,60
1581,40
1561,71
1645,36
1020,128
1101,112
1767,90
1078,42
1905,113
1112,112
1933,65
1142,80
1835,124
1195,113
1927,128
1512,94
2090,103
1432,70
1515,77
1596,60
1789,61
1082,130
1367,117
2091,37
1301,113
1589,92
1382,77
1547,50
1833,99
1249,80
1211,114
1593,127
1656,57
1823,38
1286,105
1202,126
1832,85
1996,109
1167,127
1458,74
1551,125
1345,97
1621,77
1555,95
1605,130
1458,76
1490,83
1381,68
1554,70
1776,53
1316,73
1175,40
1649,34
1702,82
1786,51
1300,101
2024,97
1981,65
1609,44
1402,85
1237,111
1987,79
1532,110
1448,99
1717,98
2027,103
1196,46
1210,42
1949,107
1412,34
1337,64
1831,118
1988,70
2046,79
1461,102
1960,58
1620,56
1909,119
1549,82
1369,77
2008,104
1782,107
1667,109
1521,129
1919,111
1081,93
1093,118
1263,82
1761,45
1828,120
1069,105
2066,110
1967,106
1704,120
1133,53
1228,71
1472,81
1560,84
1039,68
1315,126
1857,91
1915,67
1554,73
1751,65
1555,124
1804,118
1457,112
1795,105
1057,131
1412,66
1402,53
2061,52
1731,78
1934,51
1085,33
2000,58
1222,42
1140,97
2080,65
1290,88
1658,58
1898,60
1493,130
1675,61
1754,44
1859,77
1797,49
1490,40
1563,41
1187,51
1081,55
1409,63
1540,107
1864,58
1046,72
1793,120
1763,50
2054,85
2082,82
1536,116
1721,56
2093,124
1939,79
1395,56
1171,46
1023,116
1449,43
1589,128
1036,114
1371,131
1619,71
1095,48
1452,77
1241,101
1608,122
1894,50
1054,114
1480,62
1372,104
1081,34
2000,103
2098,48
1664,102
1589,126
1951,82
1912,69
1637,115
1414,81
1481,93
1741,110
1289,62
1235,104
1425,47
1342,130
1246,130
1542,114
1632,67
1499,85
1069,106
1320,109
1955,122
1330,33
1407,118
1716,100
1197,119
1429,129
1424,87
1485,82
1347,63
1145,35
1515,61
1581,127
2085,72
1879,105
1861,117
1518,80
1190,72
1266,124
1656,129
1507,112
1732,56
1961,38
2066,118
1194,40
2095,40
2089,65
1218,107
1751,70
1228,46
2039,74
1595,108
1680,60
2003,75
1095,45
2005,102
1349,92
1934,109
2063,100
1026,86
1022,102
1392,35
1340,103
2030,66
1311,88
1269,96
1499,97
1804,120
1480,84
1827,107
1027,64
1546,131
1585,62
1939,104
2026,39
1785,93
1979,79
1099,61
1337,60
1058,47
1542,61
1138,92
1837,69
1098,66
1732,108
1198,42
1626,108
1871,39
1695,103
1928,99
1093,110
1890,92
1886,74
1094,46
1633,69
1632,107
1087,93
1131,88
1515,80
1620,91
1176,90
2019,77
1983,91
1859,56
1821,88
1339,53
1720,67
2034,69
1296,61
1080,115
1696,98
1456,43
1117,34
1951,87
1425,62
1830,111
1571,118
1894,78
2075,95
1488,116
1020,129
1369,121
1613,96
1867,79
1961,78
1863,101
1889,120
1088,68
1148,125
1255,71
1095,62
1231,112
1315,72
1004,103
1866,73
1094,59
1877,52
1329,127
2016,56
1287,88
1599,125
1426,66
2023,59
1913,61
1147,73
1766,118
1161,107
1619,44
1119,47
1497,69
1904,124
2011,110
1193,97
1495,76
1055,86
1273,48
1876,81
1937,63
1243,100
1464,88
1708,60
1955,66
1456,81
1536,39
1862,96
1563,42
1443,36
1022,53
1669,99
1686,62
1166,75
1409,37
1002,103
1168,53
1763,32
1402,104
1370,40
1137,32
1325,55
1155,68
1958,65
1478,125
1084,124
1504,65
1960,66
1894,114
1422,89
1262,59
1898,85
1378,75
1255,49
1853,127
1981,120
1689,113
1272,45
1956,98
1636,91
1475,68
1648,44
1025,70
1803,44
1541,36
1895,110
2094,110
2085,101
1242,128
1821,103
1403,111
1619,88
1314,55
1517,130
1962,90
1558,93
2079,96
1576,105
2037,101
1521,68
1851,98
1899,62
1756,128
1182,60
1205,50
1016,118
1185,74
1007,47
1790,65
1897,56
1379,127
1291,32
1721,52
1489,79
1246,127
1844,107
1640,43
1244,60
1818,111
1335,86
1957,100
1052,94
1295,82
1010,46
1805,89
1620,75
1413,118
1164,34
2075,62
1226,65
1239,86
1900,117
1143,75
1619,131
1757,84
1031,120
1364,48
1441,121
1647,79
1974,77
1294,45
1426,59
1233,37
1016,116
1898,50
1459,57
1828,60
1942,129
1408,113
1240,51
1591,35
1218,73
1631,85
1634,70
1816,61
1431,99
1905,107
1175,58
1010,100
1894,114
1952,44
1396,33
1709,73
1071,99
1899,102
1838,112
1515,47
1571,52
1479,121
1319,74
1623,88
1758,101
1355,74
1422,74
1925,63
1846,81
1072,117
1230,106
1425,127
1082,35
1902,122
1301,91
1162,108
1861,50
2026,43
1429,57
1029,59
1316,63
1833,76
1339,83
1061,122
1646,125
1611,81
1349,103
1796,45
1310,53
1016,89
1739,63
1134,105
1847,42
1415,33
1104,39
1014,86
1319,45
2073,86
2095,41
1681,125
1086,125
1472,96
1655,111
1817,59
2028,85
1396,104
1290,111
1760,131
1220,46
1491,131
1549,112
1643,89
1566,131
1202,131
1397,97
1047,36
1213,99
1935,99
1898,41
1889,46
1302,49
1501,75
2001,60
1361,66
1107,100
1910,120
1152,83
1637,84
1927,67
1429,131
1408,63
1214,47
1706,36
1698,60
1743,94
1155,103
2031,79
2018,91
1925,114
1664,108
1497,75
1290,33
1662,118
1201,63
1950,61
2022,43
1677,52
1986,32
1517,82
1868,93
1210,97
1550,89
1333,37
1425,129
1476,37
1462,76
1648,40
1892,130
1101,86
1027,54
1895,101
1755,32
1487,37
1677,71
1640,43
1873,82
1511,76
1821,105
2093,48
1109,88
1972,106
1394,123
1754,114
1075,85
1903,37
1672,66
1175,43
1500,43
1975,100
1286,108
1092,51
1252,37
1338,97
1513,126
1200,61
1946,108
1851,78
2084,79
1459,116
1801,112
1535,50
1605,128
1696,97
1692,127
1199,58
1235,75
1910,103
1458,35
1978,109
1739,45
1162,84
1618,47
2066,127
1523,32
1534,120
1754,63
1855,41
1971,111
1718,36
1069,100
1646,84
1698,38
1552,62
1229,35
1628,58
1086,99
1296,61
1704,88
1173,114
1122,119
1623,94
1022,64
1849,38
1713,111
1656,106
1055,115
1643,35
1577,94
2057,107
1009,41
1649,119
1618,36
1322,78
1127,107
1248,99
1996,71
1641,96
1211,103
2097,101
1081,87
1797,65
1174,84
1948,81
1809,40
1072,131
1515,33
1915,45
1533,68
1636,70
1126,127
1827,61
1460,33
1790,36
1188,94
1884,84
1701,65
1799,98
2037,61
1338,65
2069,109
1504,72
1534,78
1726,40
1445,113
2027,128
1664,116
1663,90
1648,113
1296,117
1963,64
1253,59
1410,79
1923,123
1341,50
1182,60
2028,60
1266,90
1657,72
1795,84
1598,95
1929,91
1157,126
1313,122
1383,93
1155,35
1593,99
1727,93
2083,65
1432,121
1182,36
1261,82
1143,95
1305,124
1404,90
1943,92
1490,69
1697,88
1674,63
1977,98
1550,103
1216,98
1340,81
1478,43
1146,38
1916,39
1452,42
1119,56
1456,115
1604,123
1232,80
1188,57
1720,88
1287,108
1086,104
1988,103
1302,70
1130,79
1952,94
1463,91
1090,116
1912,59
1730,53
1071,38
1751,86
1034,109
1919,64
1088,129
1148,116
1561,83
1625,83
1942,32
1369,105
1701,122
1033,119
1982,115
1239,55
1159,77
1120,67
1230,74
1651,113
2027,91
1938,87
1502,38
1708,46
1241,57
1543,41
1838,45
1520,90
1125,38
1750,125
1218,42
2055,53
1469,46
1111,48
1661,103
1259,117
1526,44
1425,115
1329,77
1987,86
1370,118
1117,126
1145,78
1179,111
1920,51
1802,74
1811,44
1518,50
1144,84
1694,51
1670,79
2082,108
1105,97
2053,53
1864,42
1103,57
1035,60
1490,114
1391,85
1050,101
1200,44
1989,131
1039,119
1159,73
1722,55
1883,110
1706,58
1854,61
1693,76
2091,129
1308,97
1664,78
1379,111
1532,106
1174,43
1329,130
1000,56
1810,33
1462,109
1986,90
1047,93
1057,34
1000,40
1287,107
1968,128
1458,94
1368,45
1547,66
1556,69
1783,117
1878,41
1128,96
1494,114
1693,79
1060,86
2075,47
1476,87
1877,99
1431,104
1258,61
1920,123
1925,78
1039,71
1560,55
1914,47
1721,108
1053,122
1910,113
1676,64
1673,43
1824,103
1478,84
1465,89
1526,124
1293,49
1239,83
1153,79
1613,117
1884,76
1632,60
1812,74
2090,87
2092,109
1458,107
1056,125
1086,126
1700,110
1618,89
1730,122
1549,71
1309,74
1803,50
1374,92
2031,76
1834,120
1243,127
1836,94
1205,77
1941,102
1727,76
1071,39
1587,118
1053,124
1936,79
1913,58
1196,104
1011,94
1011,67
1259,78
1664,68
1179,32
1193,89
1760,57
1250,57
1203,56
1606,51
1668,72
1064,111
1103,77
1648,131
2062,71
1724,77
1222,83
1676,121
1466,114
1893,106
1856,34
1596,120
1520,73
1366,61
1363,92
1604,41
1711,97
1284,87
1373,55
1804,95
1868,47
1478,86
1796,129
1645,51
1753,100
1055,64
1765,81
1510,92
1190,119
1969,109
1998,67
1406,70
1205,98
1199,125
1755,110
1838,112
1603,91
1259,42
1371,112
1778,70
1239,79
1956,83
1029,124
1531,59
1320,121
1509,89
1215,38
1171,102
1925,86
1703,63
1041,36
1334,59
1514,111
1357,99
2091,121
1368,104
1221,67
2037,65
2019,57
1218,89
1561,65
1535,85
1175,129
1808,73
1663,78
2026,104
1523,123
2064,53
1335,41
2092,101
1986,84
1640,124
1715,76
1636,63
1009,53
1662,62
1577,89
1907,102
1607,58
1348,49
1863,100
1829,89
1336,48
1206,51
1088,49
1311,58
1935,131
1312,49
1896,105
1063,38
1266,84
1944,53
1745,65
1412,124
1803,69
1484,123
1534,67
1721,85
1428,45
1976,74
1547,112
1203,106
1600,44
1357,119
1419,84
1206,48
1203,110
1763,128
1864,58
1038,127
1755,75
1790,58
1568,105
1542,127
1145,110
1501,42
1983,107
1179,104
1394,68
1833,58
2044,60
1657,74
1895,72
1561,42
1851,37
1439,69
1309,129
1690,56
1311,74
1463,102
2079,44
1410,86
1065,120
1108,62
1052,124
1609,92
1097,125
1146,87
1124,33
1853,125
1202,68
1598,72
1176,91
1523,64
1234,92
1805,103
2081,122
1389,43
1126,102
1972,97
1622,100
1989,116
1848,116
1964,100
1008,41
1665,104
1866,122
1825,59
1442,37
1025,124
1676,107
2021,67
1878,79
2091,100
1438,64
1939,127
1402,34
1484,96
1120,130
1095,47
1873,86
1534,84
1769,86
2067,41
1224,87
1969,108
1064,89
1787,113
1714,65
1753,93
1387,106
2084,66
1176,49
1459,89
1794,50
1554,122
1312,44
1812,36
1712,127
1076,83
1211,39
1154,38
1782,106
1021,125
1015,97
2068,42
1904,41
1788,93
1838,55
1739,112
1564,40
1058,80
1594,91
1723,59
1933,58
1133,86
1703,35
1403,84
1480,129
1727,104
1216,124
1318,95
1815,100
1004,109
1580,99
1244,121
1228,120
1110,105
1387,129
1951,108
1676,46
1831,97
1611,53
1883,70
1413,124
1091,91
1483,74
1876,112
1443,37
1169,91
1395,53
1657,125
1563,76
1038,115
2047,114
1894,119
1683,113
1585,116
1074,104
1029,70
1681,95
1368,116
1646,63
1159,55
1918,86
1589,45
1235,86
1524,97
1287,60
1363,63
1993,36
2079,131
1320,98
2081,56
1475,63
1186,93
2011,77
1504,34
1650,130
1337,79
1108,35
1426,121
1146,100
1389,99
1545,56
1949,63
1977,93
1828,54
2021,108
1467,89
1851,117
1731,85
2075,85
1353,37
1728,68
1824,56
2011,100
1634,118
1750,106
1991,38
1786,51
1433,87
1966,76
1239,45
1981,102
1471,122
1905,64
1782,71
1862,108
1738,83
1824,38
1472,38
1541,72
1884,90
2035,84
1759,70
1321,42
1096,97
1362,102
1867,84
1556,60
1825,128
1829,96
1411,117
1724,37
1316,109
1229,40
1624,35
1190,98
1075,112
1830,61
1935,74
1896,86
2004,33
1263,52
1716,102
1716,109
1463,90
1213,101
1745,49
1695,43
1037,130
1079,83
1027,115
2054,45
1608,54
1919,42
1200,56
1571,56
1476,57
1390,110
1833,82
1955,71
1434,77
1486,97
1401,43
1531,60
1807,33
1217,125
2069,90
2013,110
1930,86
1928,75
1526,95
1769,121
1347,120
1826,69
1924,88
1808,93
1442,60
1997,131
1774,41
1814,113
1286,66
1720,39
1743,73
1106,92
1674,87
2007,35
1992,116
1823,61
1793,113
1174,87
1497,92
1399,108
1456,49
1338,119
1353,86
1172,37
1254,108
1604,109
1665,121
1336,46
2009,80
1331,60
1539,36
1587,86
1715,39
1330,76
1744,39
2069,66
1841,66
1508,53
1596,76
1142,77
2072,84
1641,50
2062,63
1940,109
2015,127
1006,78
1887,114
1060,101
1088,44
1255,89
1361,71
1569,83
1126,92
1140,116
1261,71
1391,43
1896,83
1896,74
1341,90
1095,118
1617,126
1660,66
1164,46
1823,71
1132,33
1593,61
1590,59
1339,129
1885,33
1183,35
1955,58
2000,90
1359,49
1914,91
1509,98
1854,52
1208,95
1430,60
1641,43
1655,61
1045,108
1242,34
1950,105
1543,54
1926,75
1400,108
1739,74
1436,52
2077,85
1721,67
1297,117
1185,86
1271,50
1128,36
1859,49
2093,91
1197,76
1313,54
1107,127
1042,97
1254,99
1837,90
1347,61
1704,54
1111,83
1572,80
1653,63
1342,110
1098,101
1485,88
1230,52
1860,122
1113,125
1612,111
1781,70
1443,78
1342,75
1481,47
1655,66
1721,48
1049,129
1932,119
1928,75
1137,84
1584,123
1041,51
1924,88
1917,103
1115,37
1175,98
1155,64
1714,90
1880,58
1069,107
2044,63
1850,125
1913,96
2031,48
1149,34
2003,72
1239,37
1933,81
1849,44
1379,71
1417,108
1632,72
1420,46
1270,68
1735,86
1560,127
1364,105
1733,95
1981,106
1433,80
1779,98
2060,69
1693,69
2001,43
1001,45
2001,81
1416,37
1135,130
1409,103
1152,97
1946,115
1212,32
1985,53
1722,123
2027,69
1754,125
1822,37
1373,96
2037,53
1070,39
1103,131
1759,56
1548,69
1337,118
1181,45
1830,84
1224,100
2099,45
1586,46
1658,76
1327,99
1280,131
1614,54
2094,41
1944,112
1128,74
1339,39
1184,121
1501,68
1591,105
1481,67
1585,59
1408,60
1568,80
1162,95
1445,82
1555,72
1997,42
1715,46
1596,37
1797,43
1321,44
1854,70
1195,79
1599,124
1883,99
1139,43
1383,102
1308,33
1691,43
1508,94
1644,112
1000,106
1500,59
1324,43
1539,97
1881,32
2099,119
1704,55
1551,124
1261,110
1238,54
2082,92
1148,38
1227,101
1305,94
1435,114
1411,119
1670,118
1135,106
2008,116
1203,97
2068,35
1440,76
1389,115
1210,100
2036,79
1744,56
1979,76
1767,57
1584,98
1823,76
1479,79
1013,98
1737,97
1237,82
1504,100
1045,126
1608,123
1694,66
1628,38
1702,95
1498,32
1051,100
2041,42
2022,68
1479,106
1778,63
1774,40
1616,109
1604,65
1607,85
1093,74
1852,52
1290,103
1692,125
1786,73
1561,42
2016,59
1605,63
1119,82
1370,114
1062,114
1295,74
1034,91
1189,40
1374,74
1255,120
1394,121
1578,92
1430,44
2023,46
1897,32
1951,36
1101,43
1513,107
1610,49
1108,67
1688,84
1034,40
1399,62
1835,122
1142,90
1957,67
1553,101
1472,108
1800,96
1689,86
1126,108
1156,66
1899,58
2040,98
2091,124
1305,43
1078,105
1767,122
1991,114
1129,34
1833,58
2055,53
1564,75
1294,55
1610,74
1934,56
1970,69
1581,51
1861,34
1271,95
1910,118
1028,91
1237,32
1873,124
1254,88
1784,105
1169,103
1474,73
2080,126
1216,61
1460,125
1225,50
2057,83
1475,131
2019,112
1997,91
2006,102
1989,43
1118,43
1162,93
1293,100
1985,35
1827,72
1126,35
1507,39
1385,56
1897,33
1457,124
1547,56
1669,95
1185,99
1035,85
1034,116
1959,66
1223,105
1848,76
1932,131
1488,131
1016,86
1357,131
1641,126
1930,74
2038,49
1371,93
1253,100
1059,94
1296,67
2017,95
1545,108
1204,41
1621,59
1626,97
1708,99
1882,38
1888,84
1902,41
1562,86
1865,128
1634,122
1940,129
1270,62
1128,68
1665,80
2000,125
1148,68
2014,108
1565,97
1487,42
1989,44
1914,109
1088,59
1312,100
1596,115
1776,107
1612,55
1056,73
1968,91
1578,91
1720,41
1420,104
1722,63
1839,41
1095,74
1221,64
1583,103
1069,88
2085,76
1869,82
1456,106
1832,34
1214,98
1187,124
1906,54
1677,58
2008,62
1612,87
1161,37
1935,96
1036,53
1583,128
1008,34
2048,105
1355,110
1343,56
1413,45
1646,72
1357,53
1488,85
1233,32
1461,38
1557,99
1937,97
1587,84
1721,86
1523,81
1558,32
1559,68
1492,86
1130,101
1992,66
1717,50
1345,35
1940,88
1979,69
1767,90
2094,60
2013,51
1747,128
2096,91
1767,120
1567,41
1476,44
2092,35
1946,126
1369,117
1957,60
1090,45
1265,96
1020,49
1597,106
1209,70
1419,66
1414,77
1575,96
1832,41
1780,39
1143,93
1521,53
1448,32
1297,122
1952,124
1160,113
1471,68
2003,76
1592,122
1423,114
1969,36
1430,106
2054,59
1648,62
2020,110
1981,82
1531,78
1440,57
1895,113
1772,80
1507,67
1623,121
1910,88
1429,131
1958,42
1126,91
1004,44
1298,70
1090,37
1954,69
1728,88
1458,66
1344,107
1667,96
1175,65
1206,44
1451,41
1048,72
1696,49
2067,33
1709,36
1976,95
1300,57
2073,86
1905,111
1475,65
1399,32
1480,85
1806,62
1082,82
2017,97
1168,70
1438,131
1377,124
1688,128
1819,35
1485,50
2093,88
1436,89
1623,43
1598,34
1169,110
1280,33
1959,87
1491,49
1034,74
2018,94
1670,106
1447,113
2024,106
1192,83
1536,110
1631,124
1700,100
1438,32
1243,94
1895,50
1692,97
1221,35
1030,114
1939,54
1655,131
1602,119
1183,121
1985,42
1378,102
1045,83
1069,79
1828,80
1943,67
1986,120
1972,89
2049,117
1019,81
1189,107
1719,66
1615,59
1188,76
1944,46
1421,125
1757,122
1683,67
1929,66
1934,67
1436,117
1281,65
1713,62
1309,119
1489,43
1281,85
1869,46
1634,41
1419,86
1585,128
1837,127
1886,33
1755,76
1263,123
1412,102
1321,108
1962,122
1755,100
1555,64
1681,101
1463,56
1900,118
2001,126
1039,41
2014,111
1445,87
1683,54
2047,98
1787,94
1758,111
1956,32
1570,102
1581,37
1658,59
1448,108
1328,63
1871,37
2042,87
2024,91
2042,49
1365,125
2066,75
1612,110
1173,99
1857,54
1988,100
1364,54
2037,106
1944,34
1577,52
1114,69
1140,76
2022,92
1163,56
1656,60
1653,73
1963,55
1020,50
1115,129
1113,112
1461,108
1072,93
1735,129
2028,107
1355,71
1488,61
1879,34
1993,70
1499,98
1302,45
1491,70
1703,41
1469,115
1186,44
1218,55
1917,74
1243,104
2031,36
1774,122
1926,102
2083,130
1587,124
2033,59
1394,129
1062,66
1163,46
1791,99
1188,89
1452,74
1710,52
1482,70
1918,38
1209,51
1367,101
1204,130
1829,76
1586,114
1426,117
1423,84
1091,52
1949,32
1961,68
1105,50
1954,89
1365,55
1354,63
1955,74
1721,90
2063,115
1348,56
1782,118
1204,34
1171,82
1913,87
1589,60
1198,131
1620,128
1797,113
1822,121
1489,91
1163,78
1693,42
1024,75
1590,108
1970,125
1309,86
1157,85
1653,43
1360,109
1443,87
1963,125
1718,119
1278,92
1384,108
1825,113
1226,60
1519,64
1953,84
1654,115
1520,34
1646,120
1068,62
1593,84
1246,86
1060,79
1979,71
1764,109
1914,90
1363,112
1188,103
1106,130
1762,82
1137,90
1058,114
1954,115
1250,52
1591,39
1665,101
1748,77
1168,54
1223,81
1039,117
1863,92
1234,83
1738,106
1578,77
1221,76
2088,32
1485,116
1588,44
1249,48
1364,71
1764,64
1013,130
1833,110
2019,102
2036,111
1444,37
1897,51
1326,124
1747,69
1800,63
2067,118
1635,107
1483,86
1722,71
1714,92
1985,92
1360,52
1379,128
1185,60
1300,60
1261,81
1601,73
1281,123
1609,106
1613,127
1261,125
1637,49
1206,118
1248,73
1444,124
1929,51
1501,79
1171,82
1742,122
1832,127
1097,114
1393,98
1153,98
1755,33
1921,89
2031,73
1517,74
1072,35
1887,86
1652,116
1107,67
1455,50
1617,96
2054,99
1733,128
1364,76
1361,71
1815,131
1897,71
1654,99
1634,65
1586,32
2027,124
1153,69
1585,98
1563,38
1265,97
1849,43
1941,44
1914,32
1914,69
1383,83
1311,47
2019,63
2048,84
2060,73
1474,108
1825,37
1154,88
1947,90
1002,87
2011,39
1550,84
1716,65
1528,64
1774,75
1915,101
1730,45
1054,104
1479,80
1929,110
2096,32
1244,48
1480,56
1317,59
1101,103
1626,63
1178,120
1795,85
1534,96
1619,69
1844,107
1084,72
1184,74
1665,68
1292,62
1782,32
1341,56
1575,86
1123,109
1368,106
1949,51
1017,67
1088,118
2011,118
1591,104
1369,99
1845,75
1590,38
1464,67
1149,101
1916,84
1529,40
1648,70
1530,86
1144,76
1819,51
1946,50
1626,122
1681,109
1978,95
1066,57
1667,94
1943,99
1028,65
1389,93
2004,91
1610,100
1293,110
2036,99
1058,70
1029,62
1514,77
1899,49
1156,73
1179,93
1754,94
1769,76
1971,37
1871,40
1826,38
1483,99
2095,72
1157,47
1248,100
1552,124
1092,48
1018,83
2082,45
1206,42
1119,36
1281,53
2016,48
1677,92
2012,93
2090,38
1944,116
2044,45
1463,51
1246,65
1047,46
1972,33
1658,42
2036,91
2039,44
1298,96
1731,72
1844,59
1796,66
1562,128
1752,71
1472,122
1541,57
1278,105
1070,118
1902,44
1605,37
1326,106
1540,70
1844,52
1280,35
1443,104
2056,80
2095,112
1606,39
1593,45
1078,59
1185,121
1600,103
1147,128
1949,96
1603,92
2082,98
1265,127
1782,61
1622,123
1103,61
1548,47
2046,51
1496,41
1282,110
1621,96
1424,70
1246,54
2087,67
2010,112
1295,36
2078,116
1178,68
1741,69
2039,47
1489,120
2066,81
1090,71
1936,51
1123,128
1995,115
1972,90
1974,54
1224,69
1881,78
1494,38
1675,97
1128,34
1748,104
1242,47
1076,102
1165,54
2044,44
1112,97
1394,88
1395,98
1651,112
1253,36
1895,101
1295,54
1487,73
1738,88
1274,122
2024,110
1852,119
1734,36
1267,33
1789,108
1837,91
1722,93
1648,119
1125,88
1338,99
1592,75
1741,47
1773,83
2051,48
1869,131
1283,36
1365,104
1097,108
1307,54
1920,81
1546,94
1511,117
1583,120
1659,34
1195,116
1333,72
1975,73
1725,85
1436,67
1461,75
1889,103
1395,103
2088,75
1963,83
1245,131
1690,75
1624,127
1674,41
1045,79
2051,103
1999,101
1339,71
1372,80
1078,47
1778,83
1212,111
1014,48
1507,129
1299,38
1264,63
1371,113
1865,72
1015,56
1196,83
2033,99
1467,98
1221,67
1375,69
1001,108
1675,61
1599,52
2024,34
1566,64
1902,98
1351,66
1275,35
1670,124
1114,52
2006,91
1172,131
1427,76
1220,68
1736,122
1013,53
1383,71
1656,63
1788,69
1308,107
1073,130
1860,36
1107,70
1147,85
1061,123
1607,57
2012,110
2025,81
1065,36
1624,101
1192,98
1292,63
1078,49
2013,67
1136,54
1786,87
1274,73
1957,37
1547,88
1903,56
1631,63
2071,83
1120,62
1083,124
1293,39
1681,115
1885,127
1449,52
1101,121
1140,91
1474,96
1945,123
2014,64
2075,73
1171,101
1246,125
1211,100
1488,83
1698,94
1209,41
1269,125
1256,79
1029,49
1645,128
1031,42
1078,42
1249,52
1802,92
1827,81
1491,95
1428,50
1703,85
1851,78
1331,49
1632,71
1423,119
1065,109
1237,48
1029,57
1666,46
1190,108
1759,125
1034,74
1451,71
1273,112
1466,37
1587,96
1904,49
1870,98
1454,87
1703,123
1076,101
1377,63
1680,73
1298,84
1464,85
1049,94
1499,114
2082,110
1205,41
1991,118
1219,100
1726,61
1527,112
1565,102
1400,32
1709,57
1888,121
1516,118
1204,81
1284,77
1989,88
1462,109
1394,129
2094,123
1564,99
1711,109
1107,115
1760,125
1939,51
1198,89
2098,108
1246,98
1583,63
1610,72
1617,37
1421,127
1576,119
1258,38
1413,107
1126,74
2040,54
1518,66
1613,40
1854,84
2079,35
1608,38
1624,54
1733,106
1774,63
1913,56
1868,117
1702,77
1609,78
2066,43
1360,58
1626,76
1211,121
1741,64
2064,46
2043,40
1821,61
1748,104
1126,128
1978,40
2012,36
1532,43
1519,105
1676,86
1922,121
1517,79
1475,127
1151,62
2050,103
1907,75
1717,112
1021,127
1780,122
1130,116
1214,77
1766,70
2058,100
2028,68
1363,59
1742,47
1383,80
1968,123
1939,120
1586,120
1580,54
1017,125
1400,44
2025,40
2037,126
2033,89
1747,125
1094,61
1654,55
2048,105
1961,56
1642,98
1914,124
1058,68
1487,83
1119,33
1762,83
1780,55
1919,131
2019,102
1026,49
1102,91
2006,36
2009,70
1676,38
1230,114
1107,105
1440,54
1685,46
2074,118
1750,119
1443,35
1951,117
1101,128
2044,60
1903,79
2038,46
1999,94
1321,87
2091,44
2059,117
2050,91
1577,122
1908,102
1291,41
1940,101
1918,108
2085,41
2023,37
1472,41
1917,123
1725,100
1372,111
1574,123
1158,52
2015,96
1644,78
1101,103
2023,123
1964,66
1735,109
1027,131
1083,119
1893,58
1848,87
1839,117
1023,62
1215,55
1974,97
1760,36
1778,45
1492,121
1021,74
1551,47
1405,46
2002,124
1580,80
1104,109
1359,113
1656,86
2088,89
1625,66
1733,56
1910,63
1989,126
1349,130
1736,60
1266,74
1634,48
1644,79
2010,76
2045,131
1013,95
1148,32
1379,73
1158,49
1044,76
1076,54
1762,114
1880,33
1899,82
1173,50
1217,46
1215,105
1394,110
1344,94
1486,124
2005,47
1488,51
2082,99
1195,89
1575,68
1068,72
1177,104
1020,122
1625,45
1156,70
1206,107
1622,39
1828,40
1393,38
1314,93
1311,32
1668,103
2073,75
1589,71
1464,97
1458,91
1453,114
1554,69
1054,33
1491,58
1367,125
1054,62
1723,82
1774,66
1319,69
1332,44
1664,68
1482,113
1998,64
1006,34
1935,78
1824,98
1147,40
1060,56
1005,95
1846,54
1821,89
1329,53
1445,107
1876,128
1101,121
1392,47
1175,66
1857,62
1909,108
1857,122
1613,113
1384,103
1941,60
1828,109
1467,40
1496,112
1422,101
1977,68
1166,121
1277,39
1077,112
1453,42
1514,98
1942,125
1362,89
1803,113
1085,77
1606,68
1476,32
1190,123
1966,79
1098,131
1843,76
1929,109
1572,43
1587,123
1456,84
1997,97
1076,37
1567,96
1055,128
1345,56
1541,131
1592,68
1899,131
1734,54
1244,79
1748,127
2068,49
1264,49
2097,70
1017,87
1446,73
2074,104
1283,62
1591,101
1623,127
1948,100
1884,128
2075,121
1896,127
1662,125
1699,61
1861,115
1819,50
1181,32
1632,118
1541,69
1810,87
1582,97
2050,113
1633,50
1980,75
1334,54
1052,66
1181,77
1515,57
1435,36
1541,84
1114,114
1509,128
1436,46
1082,47
1963,52
1314,115
1124,126
1822,33
1327,86
1395,127
1659,37
1420,113
2073,125
1328,53
1416,63
1008,65
1190,50
1001,65
1006,101
1969,90
1719,78
1634,117
1699,33
1627,126
1703,99
1135,118
2094,37
1696,95
1841,114
1655,114
1822,90
2095,38
1357,81
1878,106
1666,56
1076,111
1200,122
2090,102
2037,84
1597,112
1280,59
1611,42
1080,124
1871,44
1765,70
1669,55
1401,74
1955,106
1160,62
1839,68
1522,37
2029,88
1171,105
1309,58
1125,42
1879,86
1997,95
1347,57
1078,37
1231,62
1136,108
2071,39
2032,60
1733,114
1440,40
1879,131
1579,57
1372,90
1303,70
1646,122
1514,66
1030,46
1734,122
1671,127
1342,114
1061,44
1828,94
1677,118
1902,108
1121,124
1113,106
1464,43
1270,103
1268,111
1041,92
1916,58
1452,74
2018,66
1852,102
1497,71
1513,97
1954,103
1376,120
1826,90
1757,115
1052,81
1883,91
1129,54
1941,88
2062,54
2093,65
1845,123
2065,55
1063,33
1495,40
1956,91
1209,121
1069,35
1768,113
1433,112
1926,52
2027,128
1941,72
1468,55
1033,53
1429,44
1806,40
1748,98
1964,39
1230,38
1406,67
1567,97
2004,109
1157,70
1383,65
1990,68
1387,119
1031,84
1986,129
1806,36
1954,114
1992,72
1315,52
1787,77
1568,81
1294,68
1842,63
1740,108
1564,90
1880,64
1134,77
1215,126
1971,50
1519,54
1025,84
1659,39
1108,47
1481,37
1993,50
1806,109
1935,67
1949,118
1323,124
1573,46
1202,105
1492,44
1684,53
1200,82
1473,114
2057,84
1888,35
1433,61
1704,112
1719,88
1432,55
1807,84
1789,45
1274,89
1534,42
1002,119
1366,42
1045,91
1875,37
1573,55
1887,93
1945,44
1028,121
1934,69
1515,119
1693,77
1228,71
1370,63
1176,77
1465,53
1533,39
1265,128
1843,68
1729,120
1051,99
1255,81
1974,88
1126,130
1709,100
1079,48
1403,35
1184,100
1474,82
1384,81
1629,68
1339,77
1501,57
1056,125
1888,33
1378,82
1834,70
1305,113
1075,36
1095,129
1099,63
1813,34
2047,94
1567,37
2029,71
1057,61
2037,116
1487,106
1534,65
1625,83
1881,127
1103,66
1224,102
1607,115
1352,86
1735,110
1232,113
1279,86
1060,119
1173,42
2038,42
1908,115
1876,125
1096,53
1064,34
1519,65
2065,128
1057,61
1336,38
1043,61
1055,82
1466,110
1802,124
1265,124
1289,127
1188,56
1891,37
1521,84
2096,36
1948,106
1309,75
1318,39
2022,86
1007,39
1543,103
1412,59
1179,60
1665,114
1458,130
2003,105
2095,45
1395,32
1053,83
1088,60
1014,121
1963,39
1808,77
1737,73
1112,94
1601,120
1080,35
1570,106
1042,116
1027,35
1909,64
1515,106
1386,79
1973,108
1556,42
1980,100
1734,46
1610,131
1877,129
1826,114
1320,65
1930,115
1917,45
2069,130
1291,55
1875,80
1339,115
1737,44
1900,78
2075,121
1542,52
1013,89
1718,55
1915,51
2021,44
1205,59
2030,98
1088,96
2072,76
1229,59
1644,46
1192,88
1139,66
1268,77
1486,69
1737,63
1673,93
1240,92
1909,61
1345,87
1130,61
1503,59
1921,57
2075,46
1100,88
1561,105
1018,83
1089,33
1269,108
1417,113
1701,120
1913,127
1447,43
1361,37
1397,68
1072,54
1254,46
1934,48
1254,89
1239,88
2052,59
1263,43
1975,66
1831,96
1028,59
1342,73
1731,67
1179,67
1582,39
1882,57
1491,106
1047,66
1748,107
1759,114
1612,111
1172,103
1325,53
1562,56
1074,69
1897,73
1230,42
1440,90
1822,129
1721,131
1974,116
1170,114
1536,108
1784,74
1677,83
1851,65
1622,65
1915,121
1503,92
1900,78
1754,34
1690,78
1108,92
1332,53
1244,110
1340,34
1360,103
1843,115
1381,70
2078,118
1836,125
1838,97
1145,60
1776,55
1587,72
1034,102
1134,102
1909,114
1902,67
1918,106
2041,75
1041,36
2056,78
1379,89
1294,85
2002,42
1770,113
1773,117
1765,107
1247,45
1464,64
1438,69
1438,61
1413,80
1856,72
1472,81
1367,111
1028,120
1362,45
1613,114
1241,32
1108,121
1776,34
1967,39
1364,95
1322,106
1330,125
1117,40
2051,56
2027,107
1905,86
1116,51
1095,95
1762,51
1405,80
1804,106
2053,42
1380,94
1644,92
1994,37
2007,114
1285,128
1011,88
1145,121
1680,84
1013,61
1328,78
1575,118
1297,69
1587,43
1959,36
1660,128
1403,87
1667,44
1867,96
1580,55
1939,103
1132,72
1683,101
1130,122
1527,39
2083,88
1949,105
1562,121
1703,38
1825,77
1921,89
1860,81
1893,104
1023,53
1204,71
1754,73
1774,85
1053,97
1588,81
1233,36
1578,71
1057,48
2095,63
1707,39
1205,48
1408,71
1667,53
1553,130
1208,42
1141,114
1368,90
1289,61
1255,96
1407,129
1183,40
1015,77
1587,129
2057,56
1976,58
2069,94
1293,66
1801,129
2024,93
1030,88
1184,36
1380,46
1113,108
2062,103
1097,84
1244,112
1462,37
1597,39
1168,44
1474,129
1420,84
1367,94
1648,131
1290,79
1292,63
1061,91
1887,117
1067,64
1504,125
1610,50
1616,101
1597,84
1747,55
1669,97
1113,117
1891,43
1370,44
2014,70
2038,126
2011,70
1742,120
1861,120
1935,97
1048,115
1722,79
1817,74
1038,121
1708,128
1074,118
1354,34
1040,103
2007,110
1536,118
1556,39
1779,43
1242,76
1163,38
1148,113
1842,91
1025,84
1607,46
1212,57
1712,124
1050,43
1772,110
1643,47
1020,50
1926,98
1051,104
1005,106
1946,32
1774,56
1844,58
1488,117
1811,53
1027,52
1426,64
1542,39
1456,60
1776,50
1690,45
1345,45
1810,102
1971,127
1447,81
1945,36
1407,110
1488,118
1961,44
1680,116
1960,94
1335,68
1994,49
1164,95
1911,93
1388,93
1433,125
1542,40
1902,79
1441,36
1903,80
1506,122
1551,113
1127,49
1343,79
1203,55
1992,60
2055,40
1587,42
1196,126
1889,83
1533,92
1671,72
1631,94
1110,94
1977,36
1282,113
2088,43
1379,91
1409,55
1201,124
1939,36
1426,69
1311,117
1673,38
2090,108
1995,79
1780,107
1733,84
1052,99
1204,107
1855,75
1542,76
1017,57
1648,63
1559,74
1396,85
1124,117
1163,37
1821,67
2015,103
1263,80
2028,92
2030,90
1935,129
1821,93
1917,66
2091,76
1094,74
1651,67
1065,57
2009,126
1709,66
1040,124
1020,114
1275,80
1961,109
2082,48
1458,121
1301,60
1235,42
2014,90
1197,125
2014,38
1506,76
1331,83
1112,120
1375,75
1912,59
1346,86
1780,84
1130,120
1397,33
1715,52
1992,126
1401,84
1272,38
1759,128
1283,96
1952,64
1242,119
1226,91
2058,41
1287,119
1729,37
1612,106
2003,64
1835,96
1946,97
1676,95
1161,52
1460,113
1787,130
1837,40
1619,40
1910,90
1255,58
1797,32
1271,58
1324,99
1542,47
1130,109
1605,67
1842,64
1005,119
1532,121
1840,115
1259,49
1234,46
1703,89
1123,96
1152,62
1656,80
1069,131
1853,56
2093,102
1422,128
1657,95
1085,72
1167,62
1248,65
1225,39
1364,100
2085,128
1168,73
2099,103
1608,130
1033,111
1365,96
1298,78
1195,39
1484,48
2090,67
1953,102
1952,97
1580,58
1007,118
1477,41
1346,55
1811,130
1185,100
1967,111
1184,103
2044,83
2013,131
1103,49
1560,100
1558,84
1495,67
1847,33
1849,64
1149,99
1240,70
1216,52
1871,42
1628,81
1792,101
1550,34
1754,70
1773,97
1355,99
1547,131
1591,64
1167,130
1999,93
1701,119
1054,34
1410,84
1725,128
1442,70
2047,92
1492,106
1202,120
1562,100
1788,68
1625,92
1106,126
1843,119
1812,125
2062,61
1687,46
2021,46
1261,92
1586,57
1291,45
1079,82
1537,51
1562,34
1272,131
1770,130
1847,99
2036,64
1617,110
1464,115
1870,109
1381,61
1877,59
1107,63
1652,108
1173,117
1608,115
1553,58
1735,68
1111,120
1237,66
1030,41
1935,107
2020,93
1612,38
1172,91
1862,92
2087,51
1520,102
1061,51
1393,109
2053,113
1060,120
1349,86
1919,55
1986,130
1681,109
1374,33
1342,109
1484,51
1865,89
1100,42
1626,44
1134,70
1208,111
1185,127
1514,86
1216,41
2012,41
1938,120
1053,55
2002,70
1892,107
1232,58
1220,68
1777,117
1403,74
2060,81
2007,110
1191,113
1228,97
1079,43
1452,112
2095,114
1046,77
1784,59
1823,59
1444,74
1413,95
1661,37
1112,71
1999,95
1321,128
1414,116
1165,78
1953,105
1261,89
2053,46
1301,64
1280,34
1649,54
1043,105
1368,120
1645,42
1830,64
1444,128
2028,42
2049,67
1126,46
1140,131
1097,74
1348,33
1715,97
1891,128
1240,120
1534,87
1525,104
1629,122
1952,115
1799,111
2073,91
1346,117
1480,108
1312,37
1899,43
1429,115
1338,43
1298,66
1196,126
1090,129
1632,104
1111,45
1003,86
1589,93
2029,130
1981,96
1637,44
1424,38
1851,96
1865,113
1991,45
1299,110
1631,38
1242,45
1696,51
1025,108
1064,37
1681,117
1343,73
1664,60
2016,95
1452,95
1742,131
1483,60
1836,66
1306,88
1265,51
1410,83
1082,97
2094,57
1088,114
1698,119
1201,87
1430,36
1312,33
1084,50
1039,76
1708,100
1948,81
1146,128
1029,71
1414,54
1995,114
2016,89
1946,122
1903,50
1777,105
1182,107
1066,70
1065,128
1963,105
1232,86
1473,78
1523,63
1456,109
1731,119
2068,92
1760,41
1473,53
1575,57
2015,66
1470,94
1882,131
2087,117
1147,52
2094,44
1062,62
1708,63
2015,34
1133,123
1674,74
1440,63
1572,101
1821,75
1185,37
1532,116
1029,126
1448,47
1044,54
1301,58
1330,74
1322,90
1014,112
1964,37
1990,105
1817,86
2056,116
2020,111
1316,76
2060,66
1469,113
1839,67
1778,99
1857,77
1771,76
1851,106
1912,121
1353,55
1104,106
1498,97
1160,46
1836,95
1948,116
1758,73
1733,104
1892,127
1340,110
1206,126
1533,68
1285,69
2072,112
1858,118
1664,43
1372,77
1763,60
1878,101
1757,115
1357,108
1236,59
1715,127
1971,129
1844,119
1246,66
1297,81
2013,61
1808,123
1109,131
1326,58
1835,51
1450,84
1366,120
1985,130
1212,54
1812,122
1913,127
1569,55
1814,110
1770,53
1602,47
1504,77
1068,65
1582,64
1241,68
2041,114
1578,112
1638,91
1836,39
1215,118
1898,55
1623,43
1849,65
1916,63
1210,80
1259,69
1919,75
1144,61
1118,121
1818,33
1177,84
1963,123
1354,34
2006,89
1931,47
1088,96
2031,114
1922,105
1800,55
1547,74
1848,110
1127,39
1933,130
1803,64
1720,63
1355,47
1347,42
1339,119
1364,69
1139,110
1015,101
1024,67
1283,55
1732,88
1179,92
1329,63
1527,59
2060,89
1687,78
1086,42
1162,87
2060,106
1698,73
1995,103
1539,63
1320,62
1550,35
1476,120
1926,70
1727,113
2018,125
1484,85
1206,120
1889,105
2012,36
1268,72
1772,62
1734,100
1596,93
1914,82
1876,108
1939,126
1220,117
1302,109
1849,92
1455,107
1473,79
1182,41
1616,113
1233,122
2066,34
2068,34
1890,84
1983,49
1946,42
1276,122
2009,65
1256,87
1434,85
1464,90
1133,108
1113,72
1567,127
2067,90
1763,98
1279,96
1822,61
1335,112
1489,74
1418,121
1859,34
1418,80
1374,112
1122,45
1694,60
1449,112
1096,90
1653,108
1312,122
1328,47
1920,47
1609,47
1748,70
2059,81
1383,36
1689,129
1352,34
1742,114
1758,93
1148,70
1060,85
1866,96
1669,40
1306,127
1488,65
1961,118
1976,34
1280,111
1595,116
2044,82
1690,112
1453,93
1661,95
1273,42
1749,36
1776,107
1610,59
1730,74
1657,126
1413,120
1890,119
2051,107
1942,73
1209,127
1271,34
1795,68
2069,37
2034,68
1369,78
1728,46
1214,46
1162,114
1121,36
1541,87
1291,40
1840,76
1996,88
1010,104
1202,116
1632,116
1912,102
1771,91
1130,103
1216,108
1601,71
1654,84
2016,43
1678,52
1693,104
1276,124
2030,105
1613,41
1068,119
1977,122
1326,90
1717,45
1229,66
1906,68
2000,53
1955,113
1805,110
1745,102
1834,120
1657,120
1894,46
1685,106
1471,32
1695,72
1837,37
1574,85
1524,83
1731,79
1118,80
1292,91
1237,114
1315,86
1773,131
1708,104
1740,58
1438,40
1161,53
1495,103
2037,112
1883,90
1175,78
2059,74
1913,93
1026,130
1305,128
1064,69
1362,35
1667,52
1976,52
1010,72
1838,39
2040,73
1496,129
1296,54
2085,122
1941,73
1682,45
1631,98
1288,53
1976,107
1597,123
1784,131
1466,113
1367,91
1227,65
1944,111
2017,110
1763,63
1172,53
2000,130
1411,129
2047,73
1780,67
1589,80
1257,39
1702,128
1120,75
1953,44
1880,89
1788,122
1514,99
1366,93
1316,45
1450,88
1085,66
1154,88
1365,106
1643,33
1428,81
1104,112
1613,60
2027,32
1903,73
1124,113
1966,92
1236,57
1245,75
1765,65
1343,124
1139,62
1158,107
1937,49
1625,94
1442,55
1926,73
2062,57
1789,54
1681,66
1925,46
1151,33
1353,67
1032,83
1848,100
1137,42
1459,47
1275,34
1331,93
1505,66
1234,128
1012,61
1258,34
1365,111
1052,47
1910,108
1234,71
1659,85
1989,84
1744,51
1271,57
1107,42
1678,79
1385,33
1174,90
1957,32
1862,71
1183,107
1276,116
1305,111
1736,92
2051,56
1955,110
2048,109
1861,35
1074,56
1142,57
1087,102
1986,108
1485,120
1542,63
1131,43
1997,33
1907,112
1038,53
1441,101
1293,104
1435,54
1827,103
2090,48
1473,48
1468,113
1395,118
1645,68
2052,103
1729,61
1585,77
1865,83
1369,39
1582,109
1619,116
1463,56
2084,105
1772,77
1007,73
1395,66
2020,102
1167,64
1537,75
1737,64
1605,59
1432,89
1907,84
1385,57
1751,76
1183,100
1401,94
2012,105
1717,105
2044,124
1884,78
1779,70
1381,112
1181,118
1991,61
2022,99
1004,82
1409,114
1650,53
1080,46
1095,98
1321,66
1263,53
1682,66
1242,121
1168,34
1573,66
1673,75
1346,62
1772,78
1323,101
1129,43
1050,95
1397,55
1447,118
1922,98
1537,121
1227,71
1119,45
1960,105
1209,69
1824,131
1922,77
2073,123
1829,38
1182,99
1633,97
1403,56
1982,90
1808,55
1505,67
1012,127
1665,61
1175,32
1478,107
1590,116
1144,60
1179,66
1275,115
1810,99
1676,88
1839,60
1692,85
1905,79
1537,50
1480,130
1958,130
1922,88
1944,78
1131,82
1300,57
1318,121
1972,90
1329,128
1088,94
1156,113
1031,70
1918,118
1243,54
1710,91
1123,78
1183,45
1608,99
1862,112
1687,36
1895,66
1908,60
1727,94
1445,115
1714,93
1484,68
1735,34
1724,131
1017,60
1609,118
1991,44
1662,127
1307,84
1399,105
1685,77
1059,48
2013,98
1391,79
1555,62
1424,88
1160,103
1012,66
1138,111
1017,39
1382,47
1846,54
1606,95
1150,61
1917,110
1591,124
1637,43
2066,103
1235,115
1391,124
1286,122
1979,107
1094,102
1958,93
2091,73
1658,61
1712,104
1240,94
1924,99
2065,51
1947,102
1765,58
1456,77
1782,81
1535,75
1178,78
1052,89
1511,46
1694,99
1703,108
1998,75
1845,104
1953,33
1307,76
1464,124
1665,129
1204,86
2041,32
1601,114
1426,113
2092,126
1015,74
1680,112
1771,80
2003,97
1836,125
